image concentration x1 y1 x2 y2 x3 y3 x4 y4 rotation
20250807_165649 0 1769.485857 3630.956804 2245.752937 3635.892214 2234.648264 4075.143718 1762.082742 4068.974456 90.000000
20250807_165649 1 1775.655120 3090.529392 2243.285232 3094.230949 2240.594971 3526.655273 1770.719709 3524.845486 90.000000
20250807_165649 2 1783.058235 2552.569685 2254.389905 2555.037390 2250.688347 2986.885778 1778.122825 2980.716516 90.000000
20250807_165649 3 1790.461350 2018.311535 2260.559168 2026.948503 2259.325315 2451.393776 1785.525940 2446.458366 90.000000
20250807_165649 4 1792.929055 1496.391911 2264.260725 1503.795026 2261.793020 1922.071037 1790.461350 1917.135627 90.000000
20250807_165649 5 1797.864465 972.004582 2266.728430 975.706139 2266.728430 1392.748298 1795.396760 1387.812887 90.000000
20250807_165649 6 1807.735286 453.786515 2269.196135 452.552662 2267.962283 869.594821 1802.799875 867.127116 90.000000
20250807_165703 0 2213.712295 3376.030792 2583.919292 3384.303575 2595.705078 3662.992920 2236.462446 3644.896209 90.000000
20250807_165703 1 2178.552971 3014.096578 2559.100946 3024.437555 2580.816999 3313.984927 2206.473611 3306.746243 90.000000
20250807_165703 2 2142.359550 2633.548603 2539.453088 2636.650896 2558.818604 2951.206543 2170.280189 2943.777930 90.000000
20250807_165703 3 2100.995639 2219.909500 2519.805231 2227.148184 2539.453088 2562.195858 2132.018572 2555.991271 90.000000
20250807_165703 4 2062.222412 1774.655029 2487.748201 1778.349758 2509.464253 2142.352168 2096.776611 2137.107422 90.000000
20250807_165703 5 2006.892744 1290.255617 2458.793463 1290.255617 2486.714103 1685.280960 2049.290752 1687.349155 90.000000
20250807_165703 6 1957.256051 757.695272 2424.668237 757.695272 2455.691170 1187.879939 2000.688157 1186.845841 90.000000
20250807_165707 0 2015.207886 3274.966714 2452.021040 3318.322858 2394.574149 3738.877458 1944.754151 3700.940832 90.000000
20250807_165707 1 2094.332849 2790.461801 2507.300124 2821.895006 2463.943980 3214.268112 2030.382536 3178.499293 90.000000
20250807_165707 2 2164.786584 2344.977418 2562.579208 2374.242816 2521.390871 2734.098814 2107.339693 2699.413898 90.000000
20250807_165707 3 2225.485186 1942.849180 2609.187063 1969.946770 2573.418244 2297.285659 2173.457813 2264.768551 90.000000
20250807_165707 4 2284.015981 1567.818531 2656.878822 1596.000025 2622.193907 1898.409132 2236.324222 1868.059831 90.000000
20250807_165707 5 2338.211161 1220.969377 2698.067159 1249.150870 2666.633954 1526.630194 2294.855017 1499.532604 90.000000
20250807_165707 6 2385.902920 897.966101 2734.377930 920.341187 2705.654484 1183.032750 2347.966294 1154.851256 90.000000
20250807_165712 0 1926.339882 3669.857507 2394.851679 3682.026645 2386.074463 4116.279297 1920.255313 4096.994237 90.000000
20250807_165712 1 1933.641364 3134.415453 2403.370076 3139.283108 2398.502421 3573.721320 1925.122968 3566.419838 90.000000
20250807_165712 2 1943.376675 2601.407227 2410.671558 2611.142537 2403.370076 3032.194698 1936.075192 3028.543956 90.000000
20250807_165712 3 1951.895071 2073.266655 2422.840696 2083.001965 2416.756127 2502.837212 1943.376675 2497.969557 90.000000
20250807_165712 4 1959.196553 1548.776825 2427.708351 1558.512135 2421.623782 1979.564296 1951.895071 1971.045899 90.000000
20250807_165712 5 1965.281122 1023.070081 2433.792920 1034.022305 2430.142178 1457.508293 1960.413467 1448.989897 90.000000
20250807_165712 6 1976.427490 506.086121 2438.660575 509.532474 2437.443661 936.669204 1967.714950 919.632411 90.000000
20250807_165714 0 2247.449463 3307.015137 2603.757049 3317.030377 2619.750732 3563.385498 2275.283555 3552.209625 90.000000
20250807_165714 1 2205.607666 2979.980225 2576.546227 2981.754177 2599.869789 3249.003322 2238.354582 3244.144247 90.000000
20250807_165714 2 2158.665746 2623.154415 2544.476330 2627.041676 2571.687152 2914.698937 2193.651089 2909.839862 90.000000
20250807_165714 3 2108.131362 2239.287462 2517.265508 2234.428386 2542.532700 2551.240100 2147.003965 2550.268285 90.000000
20250807_165714 4 2052.737903 1817.519720 2480.336535 1816.547905 2510.462802 2158.626811 2099.385027 2158.626811 90.000000
20250807_165714 5 1989.569923 1348.133040 2438.548487 1348.133040 2472.562014 1725.197288 2039.132492 1732.971809 90.000000
20250807_165714 6 1919.599238 832.099236 2384.126843 822.381086 2431.745781 1249.979718 1976.936327 1252.895163 90.000000
20250807_165717 0 2123.030810 3314.398610 2557.026372 3344.677370 2509.589647 3778.672932 2059.445413 3739.310544 90.000000
20250807_165717 1 2183.588330 2827.919863 2602.444512 2853.152163 2568.128584 3244.757461 2133.123730 3214.478701 90.000000
20250807_165717 2 2247.361084 2387.354004 2646.853360 2407.045097 2616.574600 2762.315883 2199.737002 2735.064999 90.000000
20250807_165717 3 2300.666202 1977.086703 2689.243624 2003.328295 2660.983448 2322.264569 2258.275938 2302.078729 90.000000
20250807_165717 4 2352.140095 1603.648661 2723.559552 1627.871669 2698.327252 1928.640687 2310.759122 1904.417679 90.000000
20250807_165717 5 2397.614502 1257.707031 2755.856897 1277.647344 2730.624597 1554.193353 2361.223723 1538.044681 90.000000
20250807_165717 6 2442.976375 935.497354 2784.117073 949.627442 2764.940525 1213.052655 2407.651155 1194.885399 90.000000
20250807_165723 0 1974.406924 3605.674298 2438.225661 3621.668047 2425.445068 4054.118408 1963.334328 4036.275247 90.000000
20250807_165723 1 1979.328078 3070.498832 2450.528545 3077.880563 2443.146814 3510.942089 1973.176636 3502.330070 90.000000
20250807_165723 2 1995.321827 2540.244521 2462.831429 2550.086828 2455.417969 2974.461426 1981.788655 2967.154604 90.000000
20250807_165723 3 2010.993286 2015.817871 2470.213160 2027.214247 2460.370852 2444.282024 1995.321827 2435.670005 90.000000
20250807_165723 4 2016.236731 1488.347917 2480.055467 1500.650801 2475.134313 1921.409443 2007.624712 1914.027712 90.000000
20250807_165723 5 2023.618461 971.626778 2487.437198 979.008508 2483.746332 1405.918592 2018.697307 1391.155131 90.000000
20250807_165723 6 2032.230480 452.445062 2497.279505 461.057081 2491.128063 878.124857 2022.388173 871.973415 90.000000
20250807_165726 0 2268.839826 3303.530515 2627.564404 3314.614701 2644.921631 3580.131348 2293.023506 3563.505068 90.000000
20250807_165726 1 2232.564307 2958.913083 2609.426645 2968.989616 2627.000977 3247.467285 2259.770947 3238.033050 90.000000
20250807_165726 2 2195.281135 2592.127278 2583.227659 2594.142585 2603.380725 2896.438578 2224.503081 2888.377351 90.000000
20250807_165726 3 2148.929688 2189.937744 2556.021020 2191.081261 2577.181739 2515.545627 2183.189295 2513.530320 90.000000
20250807_165726 4 2101.569377 1753.759725 2527.806727 1752.752072 2555.685547 2109.088379 2137.844896 2106.438383 90.000000
20250807_165726 5 2045.140792 1274.116750 2497.577128 1272.101443 2527.806727 1667.101540 2090.485191 1664.078580 90.000000
20250807_165726 6 1986.696900 749.129376 2454.248035 740.060496 2489.515901 1171.336112 2035.064259 1175.366725 90.000000
20250807_165729 0 2170.502506 3397.103501 2608.314497 3416.956551 2579.057371 3846.409362 2132.886202 3827.601210 90.000000
20250807_165729 1 2213.343298 2902.867053 2635.481828 2913.316027 2613.538984 3309.332123 2180.951480 3295.748458 90.000000
20250807_165729 2 2256.184089 2439.977526 2660.559365 2449.381602 2643.841007 2816.140573 2223.792271 2807.781394 90.000000
20250807_165729 3 2295.890189 2017.838996 2684.592004 2028.287969 2666.828749 2363.700019 2264.997291 2353.328857 90.000000
20250807_165729 4 2329.326904 1622.867797 2705.489951 1633.316770 2688.771593 1945.741079 2302.159573 1940.516592 90.000000
20250807_165729 5 2362.763619 1255.063929 2727.432795 1262.378210 2713.849130 1555.994366 2338.730980 1550.769879 90.000000
20250807_165729 6 2393.065642 908.158008 2743.040283 910.166321 2733.702179 1190.280293 2369.033003 1186.100703 90.000000
20250807_165735 0 1948.333251 3624.555738 2418.909180 3634.410731 2404.126690 4071.726058 1943.405754 4053.247946 90.000000
20250807_165735 1 1963.115741 3088.690478 2428.764173 3096.081723 2422.604803 3524.773931 1953.260747 3518.614560 90.000000
20250807_165735 2 1972.970734 2556.520840 2441.082915 2560.216463 2428.638916 2993.373535 1964.347615 2983.981174 90.000000
20250807_165735 3 1980.361979 2024.351203 2446.010412 2036.669945 2441.082915 2457.970908 1971.738860 2449.347788 90.000000
20250807_165735 4 1987.753224 1502.036559 2454.633531 1509.427804 2448.072021 1935.904419 1980.361979 1923.337522 90.000000
20250807_165735 5 1995.144469 979.721915 2460.792902 985.881286 2459.561027 1408.414123 1991.448846 1399.791004 90.000000
20250807_165735 6 2002.535714 456.175397 2463.256650 464.798516 2459.659424 884.126404 1996.376343 873.780737 90.000000
20250807_165738 0 2251.105934 3278.567849 2611.908997 3279.598714 2628.402851 3532.160859 2282.031910 3522.883066 90.000000
20250807_165738 1 2206.778700 2951.783360 2578.921288 2948.690762 2603.662070 3215.685029 2240.797275 3217.746761 90.000000
20250807_165738 2 2152.142808 2596.134625 2542.840982 2596.134625 2571.705227 2881.684479 2192.346578 2883.746210 90.000000
20250807_165738 3 2097.506915 2211.621646 2504.698944 2204.405585 2537.686653 2521.912281 2141.834149 2521.912281 90.000000
20250807_165738 4 2034.624095 1785.874031 2463.464308 1783.812300 2496.452017 2119.874582 2079.982195 2129.152375 90.000000
20250807_165738 5 1962.463483 1316.830049 2410.890147 1301.367060 2451.093917 1688.972637 2023.284571 1697.219564 90.000000
20250807_165738 6 1881.025077 790.057576 2354.192523 770.471124 2404.903320 1204.499390 1947.000494 1215.805191 90.000000
20250807_165741 0 2200.421895 3314.125358 2628.017889 3341.099872 2586.057535 3761.702474 2148.470979 3730.731736 90.000000
20250807_165741 1 2258.367146 2837.575617 2664.982963 2858.555794 2631.015057 3241.194266 2211.411511 3218.215976 90.000000
20250807_165741 2 2309.319005 2399.989062 2697.951814 2412.976791 2670.977300 2766.642636 2269.356763 2746.661515 90.000000
20250807_165741 3 2361.269921 1995.371357 2734.916888 2012.355310 2703.946150 2330.055137 2320.308622 2315.069296 90.000000
20250807_165741 4 2403.230275 1624.721558 2766.886682 1635.711174 2738.913112 1935.427993 2366.265201 1922.440264 90.000000
20250807_165741 5 2444.191574 1279.048160 2794.860252 1284.043441 2769.419434 1561.968140 2413.220836 1553.788577 90.000000
20250807_165741 6 2481.156648 948.360604 2822.833821 957.352108 2801.853644 1219.104797 2448.187798 1212.111404 90.000000
20250807_165749 0 2016.157535 3672.906665 2490.823239 3666.789839 2489.599874 4109.648048 2017.380900 4107.201317 90.000000
20250807_165749 1 2013.710804 3130.955874 2487.153143 3124.839048 2488.376509 3559.133700 2013.710804 3565.250526 90.000000
20250807_165749 2 2010.040709 2592.675179 2481.036317 2589.005083 2485.686035 3019.971680 2013.710804 3025.746466 90.000000
20250807_165749 3 2012.539307 2061.380615 2481.036317 2059.287944 2482.259682 2483.795674 2010.040709 2487.465770 90.000000
20250807_165749 4 2005.147248 1534.464266 2476.142856 1534.464266 2479.812952 1958.971996 2007.593978 1958.971996 90.000000
20250807_165749 5 2000.253787 1009.640588 2466.355935 1005.970492 2473.696126 1431.701588 2003.923883 1432.924953 90.000000
20250807_165749 6 1995.360326 486.040275 2460.239109 478.700084 2467.579300 903.207814 1997.807057 905.654544 90.000000
20250807_165751 0 2260.614359 3206.422496 2625.217559 3217.380515 2634.861328 3472.901611 2283.526582 3456.464581 90.000000
20250807_165751 1 2227.740300 2868.716252 2601.309153 2883.659007 2616.708984 3151.572021 2252.644890 3140.674378 90.000000
20250807_165751 2 2187.892955 2510.090153 2577.400746 2517.063439 2596.328235 2806.952869 2217.778464 2799.979583 90.000000
20250807_165751 3 2147.745117 2113.894287 2554.488523 2120.582362 2571.068604 2441.769287 2178.927303 2433.384015 90.000000
20250807_165751 4 2097.240247 1686.246309 2525.599199 1687.242493 2547.447266 2035.689941 2134.099040 2032.918205 90.000000
20250807_165751 5 2044.442516 1205.089626 2493.721323 1204.093443 2520.618281 1596.589784 2087.278411 1594.597417 90.000000
20250807_165751 6 1986.981934 673.625671 2454.870162 671.135212 2488.865967 1107.879517 2031.492129 1103.478898 90.000000
20250807_165754 0 2172.890869 3274.337402 2598.701897 3301.170429 2554.679643 3713.023071 2119.348465 3686.609718 90.000000
20250807_165754 1 2228.914964 2799.316734 2637.832789 2821.816997 2605.549803 3198.451836 2180.001348 3174.973301 90.000000
20250807_165754 2 2283.698213 2369.855190 2677.941954 2384.529274 2648.593785 2729.859400 2241.632504 2711.272226 90.000000
20250807_165754 3 2336.524918 1974.633177 2709.246668 1991.263806 2679.898499 2303.332673 2294.459209 2288.658588 90.000000
20250807_165754 4 2380.547172 1613.650694 2743.486199 1623.433418 2714.806152 1915.698120 2343.372824 1903.219298 90.000000
20250807_165754 5 2422.612881 1277.125020 2769.899551 1283.972926 2747.399288 1553.976084 2386.416806 1545.171633 90.000000
20250807_165754 6 2463.700318 960.164792 2799.247720 971.904059 2778.704002 1219.406954 2431.417332 1213.537320 90.000000
20250807_165803 0 1818.695234 3702.173974 2297.264625 3711.940696 2289.939583 4155.105718 1815.032713 4141.676475 90.000000
20250807_165803 1 1826.020276 3157.679208 2308.252187 3162.562569 2302.147986 3604.506751 1818.695234 3597.181710 90.000000
20250807_165803 2 1833.345317 2611.963602 2315.577229 2620.509484 2307.031347 3056.349465 1826.020276 3051.466103 90.000000
20250807_165803 3 1845.553720 2077.235558 2320.460590 2083.339760 2313.135548 2515.517220 1835.786998 2510.633859 90.000000
20250807_165803 4 1851.657922 1546.170036 2324.123111 1555.936758 2320.460590 1985.672537 1844.332880 1973.464134 90.000000
20250807_165803 5 1858.956864 1017.512207 2330.227312 1027.312916 2322.902270 1450.944494 1856.541283 1444.840292 90.000000
20250807_165803 6 1868.749686 490.143192 2333.889833 503.572435 2330.227312 923.541492 1858.982963 913.774770 90.000000
20250807_165805 0 2083.766625 3263.106335 2452.365518 3269.165495 2458.264160 3528.194580 2108.003265 3514.561470 90.000000
20250807_165805 1 2048.421526 2925.813102 2432.168318 2933.891982 2447.316218 3204.534457 2072.658165 3199.485157 90.000000
20250807_165805 2 2013.076426 2561.253649 2412.980978 2563.273369 2429.138738 2863.201783 2039.901855 2856.404053 90.000000
20250807_165805 3 1969.652447 2161.349097 2390.764059 2165.388537 2408.941539 2489.553591 2000.958107 2482.484571 90.000000
20250807_165805 4 1923.198888 1722.060006 2364.507699 1728.119166 2384.704899 2081.570159 1957.534128 2077.530719 90.000000
20250807_165805 5 1868.666449 1232.277916 2334.211900 1238.337076 2359.458400 1635.212048 1913.100288 1630.162748 90.000000
20250807_165805 6 1812.114291 693.012687 2295.837221 694.022547 2326.133020 1144.420098 1860.587570 1134.321498 90.000000
20250807_165808 0 1983.653975 3370.938997 2442.117440 3390.917910 2404.262659 3835.711592 1936.335498 3813.629637 90.000000
20250807_165808 1 2036.230061 2865.157055 2473.663091 2874.620751 2445.272005 3283.662695 1996.272236 3272.095957 90.000000
20250807_165808 2 2088.806146 2402.487504 2506.260264 2416.157286 2482.075265 2782.086840 2049.899843 2772.623145 90.000000
20250807_165808 3 2135.073101 1976.621212 2533.599829 1991.342516 2509.414830 2326.777941 2099.321363 2316.262724 90.000000
20250807_165808 4 2176.082448 1584.403614 2564.093958 1597.021875 2539.908959 1906.169257 2141.382232 1897.757084 90.000000
20250807_165808 5 2212.581055 1216.961670 2587.227436 1230.040799 2568.300045 1522.363834 2181.340057 1509.745573 90.000000
20250807_165808 6 2244.431359 873.574939 2611.412435 884.090157 2591.433523 1156.434279 2217.091795 1146.970584 90.000000
20250807_165814 0 1845.804897 3579.711123 2326.281845 3589.721060 2313.769424 4038.916956 1840.799929 4016.394599 90.000000
20250807_165814 1 1857.066075 3039.174557 2335.040539 3047.933251 2330.035571 3487.119212 1849.558623 3477.109275 90.000000
20250807_165814 2 1870.829738 2502.391717 2345.050475 2507.396685 2335.040539 2940.326435 1858.317317 2932.818983 90.000000
20250807_165814 3 1877.085948 1965.608877 2351.306686 1980.623781 2342.547991 2406.046079 1870.829738 2393.533658 90.000000
20250807_165814 4 1888.347127 1438.835973 2362.567864 1448.845909 2356.311654 1874.268207 1880.839674 1863.007028 90.000000
20250807_165814 5 1898.357063 909.560585 2368.824074 922.073006 2363.819106 1349.997787 1890.849611 1337.485367 90.000000
20250807_165814 6 1908.366999 386.541407 2371.326558 399.053828 2371.326558 818.219915 1902.110789 808.209979 90.000000
20250807_165818 0 2122.464754 3202.831557 2495.468440 3208.026595 2503.780500 3479.207547 2146.927490 3465.825983 90.000000
20250807_165818 1 2090.255522 2853.725043 2476.766306 2859.959088 2495.487061 3140.761230 2114.152695 3137.374086 90.000000
20250807_165818 2 2054.929268 2472.409298 2460.142186 2478.643343 2474.688291 2785.150550 2085.060485 2779.955512 90.000000
20250807_165818 3 2015.446984 2058.884320 2435.206006 2062.001343 2452.189453 2401.345947 2046.617208 2394.483737 90.000000
20250807_165818 4 1967.652640 1605.877058 2412.347842 1614.189118 2435.206006 1980.958759 2004.017901 1975.763722 90.000000
20250807_165818 5 1914.663258 1106.114460 2382.216625 1110.270489 2405.074789 1516.522415 1956.223557 1513.405392 90.000000
20250807_165818 6 1863.751891 554.401487 2347.929378 553.362479 2377.021587 1004.291726 1910.507228 1004.291726 90.000000
20250807_165821 0 2029.163202 3240.361296 2463.980119 3281.825796 2402.343700 3705.436091 1952.958175 3657.247618 90.000000
20250807_165821 1 2114.333526 2768.562528 2526.737199 2802.182393 2477.428065 3184.328188 2043.731810 3145.105013 90.000000
20250807_165821 2 2191.659215 2335.986936 2587.252956 2369.606801 2543.547132 2714.770745 2128.902134 2680.030218 90.000000
20250807_165821 3 2258.898944 1944.875844 2642.165401 1977.375046 2597.338915 2288.919126 2203.986498 2257.540585 90.000000
20250807_165821 4 2320.535363 1587.384616 2688.112550 1619.883818 2646.648050 1904.532006 2271.226228 1876.515452 90.000000
20250807_165821 5 2378.809795 1257.909942 2730.697712 1282.564509 2694.836523 1550.402765 2335.103971 1523.506873 90.000000
20250807_165821 6 2432.601578 949.727849 2766.558901 972.141092 2739.663009 1216.445442 2391.137079 1192.911537 90.000000
20250807_165825 0 1860.570005 3624.070303 2338.329891 3632.734343 2324.714972 4078.313512 1850.668245 4059.747713 90.000000
20250807_165825 1 1869.234044 3083.186701 2344.518491 3089.375301 2338.329891 3526.290430 1861.807725 3518.864111 90.000000
20250807_165825 2 1877.898083 2542.303099 2354.420250 2550.967138 2346.993931 2980.455948 1869.234044 2976.742788 90.000000
20250807_165825 3 1889.037563 2011.321256 2363.084290 2019.985295 2354.420250 2444.523226 1881.611243 2438.334626 90.000000
20250807_165825 4 1896.463882 1481.577133 2370.510609 1492.716612 2364.322010 1918.492262 1890.275283 1906.115063 90.000000
20250807_165825 5 1905.127922 955.546169 2374.223769 964.210209 2366.797449 1389.985859 1897.701602 1378.846380 90.000000
20250807_165825 6 1915.029681 436.941525 2380.412368 436.941525 2380.412368 862.717176 1907.603361 852.815416 90.000000
20250807_165828 0 2296.503534 3326.428048 2662.253341 3338.861469 2670.542289 3612.396736 2314.117548 3595.818841 90.000000
20250807_165828 1 2270.600574 2971.039425 2655.000512 2981.400610 2662.253341 3268.405416 2290.286824 3259.080350 90.000000
20250807_165828 2 2239.517021 2589.747842 2644.639328 2594.928434 2656.036631 2906.800083 2264.383863 2900.583372 90.000000
20250807_165828 3 2205.325112 2175.300469 2621.844722 2178.408824 2640.494854 2520.327907 2230.191955 2507.894486 90.000000
20250807_165828 4 2169.060967 1729.769542 2609.411301 1729.769542 2625.989196 2096.555468 2199.108402 2092.410994 90.000000
20250807_165828 5 2132.796822 1239.685523 2591.797288 1245.902234 2603.194591 1642.735594 2168.024849 1638.591120 90.000000
20250807_165828 6 2093.069092 701.421997 2564.858209 695.723346 2589.725051 1142.290390 2127.616230 1135.037561 90.000000
20250807_165831 0 2222.013195 3317.327721 2657.114670 3352.660788 2603.610313 3788.771779 2162.451740 3742.334035 90.000000
20250807_165831 1 2285.612714 2835.788501 2703.552415 2861.026406 2664.181284 3255.747234 2234.127389 3221.423684 90.000000
20250807_165831 2 2346.183686 2393.620412 2747.971127 2416.839284 2711.628544 2773.198498 2300.755457 2747.960593 90.000000
20250807_165831 3 2404.735624 1986.785390 2785.323226 2013.032811 2749.607178 2335.516357 2357.288364 2308.821053 90.000000
20250807_165831 4 2453.192401 1613.264401 2822.675325 1632.445209 2789.267578 1936.007812 2410.792721 1912.081192 90.000000
20250807_165831 5 2498.620629 1263.971802 2852.960810 1283.152609 2825.703873 1561.779076 2460.259014 1543.607785 90.000000
20250807_165831 6 2542.029825 935.879042 2885.265328 951.021784 2858.008391 1209.457928 2507.706275 1198.353250 90.000000
20250924_165134 0 2137.673582 3439.603970 2621.327098 3453.458628 2608.731954 3890.510112 2125.078439 3880.433997 90.000000
20250924_165134 1 2149.009212 2899.272308 2628.884184 2901.791337 2622.586612 3342.621364 2142.711640 3335.064278 90.000000
20250924_165134 2 2162.863870 2357.681132 2642.738842 2371.535789 2633.922242 2795.992130 2151.528240 2793.473101 90.000000
20250924_165134 3 2177.978042 1831.204128 2650.295928 1838.761214 2645.257871 2260.698526 2165.382898 2255.660468 90.000000
20250924_165134 4 2183.016099 1294.651009 2654.074471 1314.803238 2647.577881 1742.101685 2184.275614 1729.183464 90.000000
20250924_165134 5 2186.794642 764.395462 2656.593500 776.990605 2652.814957 1205.225489 2183.016099 1192.630345 90.000000
20250924_165134 6 2191.832700 258.070687 2660.372043 275.703888 2659.112529 669.931884 2186.794642 659.855769 90.000000
20250924_165136 0 2133.839120 3440.346975 2613.817768 3446.645907 2597.440543 3883.791815 2119.981469 3880.012456 90.000000
20250924_165136 1 2143.917412 2898.638790 2628.884184 2901.791337 2620.116700 3340.823843 2135.098906 3330.745552 90.000000
20250924_165136 2 2162.863870 2357.681132 2639.013497 2364.489324 2628.935205 2796.596085 2146.436985 2791.556940 90.000000
20250924_165136 3 2174.152287 1826.560498 2647.832002 1839.158363 2639.013497 2259.927046 2160.294636 2253.628114 90.000000
20250924_165136 4 2175.412074 1302.489324 2651.611362 1313.827402 2645.312430 1742.154804 2175.412074 1729.556940 90.000000
20250924_165136 5 2180.451220 764.560498 2655.390721 774.638790 2650.351575 1206.745552 2177.931647 1195.407473 90.000000
20250924_165136 6 2191.832700 258.070687 2660.429867 273.243772 2652.871148 673.855872 2182.970793 661.258007 90.000000
20250924_165139 0 2130.190573 3437.358123 2608.668714 3449.949653 2597.336337 3884.357439 2115.080737 3879.320827 90.000000
20250924_165139 1 2141.522950 2897.181484 2625.037703 2904.736403 2614.964479 3339.144189 2135.098906 3330.745552 90.000000
20250924_165139 2 2155.373633 2355.745693 2632.592621 2363.300611 2625.037703 2795.190091 2142.782103 2790.153479 90.000000
20250924_165139 3 2170.483469 1825.642279 2643.924998 1838.233809 2632.592621 2261.309218 2156.632786 2252.495147 90.000000
20250924_165139 4 2173.001775 1296.798017 2646.443304 1310.648700 2642.665845 1734.983262 2173.001775 1728.687497 90.000000
20250924_165139 5 2176.779234 764.176297 2651.479916 783.063592 2645.184151 1202.361542 2174.260928 1193.547471 90.000000
20250924_165139 6 2186.852458 255.478483 2653.998222 275.624931 2650.220763 674.776433 2179.297540 660.925750 90.000000
20250924_165143 0 2121.374672 3438.617537 2599.852813 3451.209067 2588.520436 3885.616854 2106.264836 3880.580242 90.000000
20250924_165143 1 2131.447635 2894.662656 2614.962388 2902.217574 2604.889164 3336.625360 2125.023591 3328.226723 90.000000
20250924_165143 2 2144.038903 2355.745693 2621.257892 2363.300611 2613.702974 2795.190091 2131.447373 2790.153479 90.000000
20250924_165143 3 2159.148739 1823.123450 2632.590269 1835.714980 2621.257892 2258.790389 2145.298056 2249.976318 90.000000
20250924_165143 4 2159.148217 1295.538603 2632.589746 1309.389286 2628.812287 1733.723848 2159.148217 1727.428083 90.000000
20250924_165143 5 2165.444504 760.398053 2640.145187 779.285348 2633.849422 1198.583299 2162.926198 1189.769228 90.000000
20250924_165143 6 2172.998900 250.440826 2640.144664 270.587274 2636.367205 669.738776 2165.443982 655.888093 90.000000
20250924_165145 0 2123.894245 3432.318605 2602.372386 3444.910135 2591.040009 3879.317921 2108.784409 3874.281309 90.000000
20250924_165145 1 2133.967208 2893.402869 2617.481961 2900.957787 2607.408737 3335.365573 2127.543164 3326.966936 90.000000
20250924_165145 2 2149.078049 2353.226120 2626.297037 2360.781038 2618.742119 2792.670518 2136.486519 2787.633906 90.000000
20250924_165145 3 2162.928099 1821.863663 2636.369628 1834.455193 2625.037251 2257.530602 2149.077416 2248.716531 90.000000
20250924_165145 4 2162.927576 1296.798389 2636.369105 1310.649072 2632.591646 1734.983634 2162.927576 1728.687869 90.000000
20250924_165145 5 2167.964077 759.138267 2642.664760 778.025562 2636.368995 1197.323512 2165.445771 1188.509441 90.000000
20250924_165145 6 2178.038045 250.440826 2645.183810 270.587274 2641.406351 669.738776 2170.483127 655.888093 90.000000
20250924_165148 0 2105.025448 3431.060685 2583.503589 3443.652215 2572.171212 3878.060001 2089.915612 3873.023389 90.000000
20250924_165148 1 2118.872170 2893.402869 2602.386923 2900.957787 2592.313699 3335.365573 2112.448126 3326.966936 90.000000
20250924_165148 2 2133.983011 2351.968200 2611.202000 2359.523118 2603.647082 2791.412598 2121.391481 2786.375986 90.000000
20250924_165148 3 2146.575141 1819.347824 2620.016670 1831.939354 2608.684293 2255.014763 2132.724458 2246.200692 90.000000
20250924_165148 4 2150.348378 1289.250870 2623.789907 1303.101553 2620.012448 1727.436115 2150.348378 1721.140350 90.000000
20250924_165148 5 2149.095280 754.106588 2623.795962 772.993883 2617.500197 1192.291833 2146.576974 1183.477762 90.000000
20250924_165148 6 2160.427168 242.893307 2627.572932 263.039755 2623.795473 662.191257 2152.872250 648.340574 90.000000
20250924_165149 0 2086.159448 3431.060685 2568.156866 3437.256229 2556.837266 3873.689682 2071.049612 3873.023389 90.000000
20250924_165149 1 2102.521637 2887.114203 2586.036390 2894.669121 2575.963166 3329.076907 2096.097594 3320.678270 90.000000
20250924_165149 2 2111.343812 2348.195000 2594.569265 2350.574662 2587.022865 2785.750382 2098.752282 2782.602787 90.000000
20250924_165149 3 2126.451408 1818.090090 2605.888864 1829.873078 2595.826998 2249.955998 2112.600725 2244.942959 90.000000
20250924_165149 4 2128.966912 1284.219937 2609.662064 1295.336427 2604.631131 1722.965748 2128.966912 1716.109417 90.000000
20250924_165149 5 2135.260214 750.333388 2613.435264 760.799777 2609.662064 1190.944564 2132.741908 1179.704562 90.000000
20250924_165149 6 2145.334368 240.377840 2617.208464 258.964192 2610.919798 658.923380 2137.779450 645.825107 90.000000
20250924_165156 0 2521.270769 3299.785117 2879.594556 3290.071520 2893.625307 3472.471279 2550.411559 3490.819184 90.000000
20250924_165156 1 2475.940652 3046.152316 2849.374478 3024.566545 2874.198114 3238.265671 2512.636461 3243.662114 90.000000
20250924_165156 2 2421.976226 2751.506551 2820.233688 2719.127895 2849.374478 2967.364254 2466.227055 2995.425755 90.000000
20250924_165156 3 2368.011800 2394.262052 2783.537879 2373.755571 2814.837246 2653.291296 2413.341918 2686.749240 90.000000
20250924_165156 4 2299.065918 2033.833130 2741.445627 2007.876764 2780.300013 2296.046798 2356.139627 2321.949722 90.000000
20250924_165156 5 2212.235596 1611.935425 2692.877643 1583.716378 2731.732030 1928.009414 2278.430854 1954.991627 90.000000
20250924_165156 6 2113.299711 1089.402238 2638.913218 1048.389274 2686.401912 1486.580411 2184.532753 1518.959067 90.000000
20250924_165159 0 2522.961174 3300.074186 2877.462317 3292.508612 2895.835852 3470.839980 2554.304263 3492.455903 90.000000
20250924_165159 1 2476.486939 3050.410271 2848.280820 3025.551959 2873.139132 3239.549600 2514.314805 3246.034377 90.000000
20250924_165159 2 2423.527927 2755.352918 2822.341712 2719.686645 2848.280820 2965.027374 2464.598181 2998.532055 90.000000
20250924_165159 3 2365.164934 2396.528591 2786.675439 2374.912668 2818.018528 2655.919671 2410.558373 2690.505148 90.000000
20250924_165159 4 2293.832387 2042.027449 2741.282000 2012.845952 2778.029070 2305.741713 2352.195380 2324.115248 90.000000
20250924_165159 5 2207.368694 1616.193759 2696.969357 1593.497040 2738.039611 1935.028628 2275.458852 1963.129329 90.000000
20250924_165159 6 2109.556641 1099.269775 2633.202383 1055.260549 2686.161395 1498.386977 2184.954102 1529.784180 90.000000
20250924_165201 0 2521.884080 3306.536754 2880.217977 3295.482653 2898.528589 3476.434580 2553.227168 3498.918472 90.000000
20250924_165201 1 2477.384518 3054.213415 2853.290607 3033.748614 2873.755408 3243.782102 2516.159931 3250.244671 90.000000
20250924_165201 2 2421.375588 2763.397817 2826.363236 2725.699499 2850.059322 2972.354210 2463.382286 3004.667054 90.000000
20250924_165201 3 2366.443753 2405.802340 2787.587823 2388.568823 2819.900668 2663.228000 2411.681735 2694.463749 90.000000
20250924_165201 4 2294.278401 2049.283958 2744.504031 2021.279493 2778.029070 2305.741713 2354.595710 2334.714083 90.000000
20250924_165201 5 2210.265006 1623.831509 2694.957670 1603.366708 2733.733083 1942.651572 2280.276168 1969.578943 90.000000
20250924_165201 6 2110.095188 1107.903095 2634.640360 1064.819303 2683.109627 1505.351080 2188.723109 1538.741019 90.000000
20250924_165205 0 2529.444400 3314.097075 2887.778297 3303.042973 2906.088909 3483.994901 2560.787489 3506.478792 90.000000
20250924_165205 1 2482.784747 3063.933827 2858.690835 3043.469026 2879.155637 3253.502513 2521.560160 3259.965082 90.000000
20250924_165205 2 2425.695771 2773.118229 2830.683419 2735.419910 2854.379505 2982.074622 2467.702469 3014.387466 90.000000
20250924_165205 3 2368.603844 2417.682844 2789.747915 2400.449327 2822.060759 2675.108503 2413.841826 2706.344252 90.000000
20250924_165205 4 2297.518538 2061.164462 2747.744168 2033.159997 2781.269207 2317.622216 2357.835847 2346.594586 90.000000
20250924_165205 5 2212.425097 1640.032195 2697.117761 1619.567394 2735.893174 1958.852259 2282.436260 1985.779629 90.000000
20250924_165205 6 2107.935097 1125.183827 2632.480269 1082.100035 2680.949535 1522.631812 2186.563018 1556.021751 90.000000
20250924_165207 0 2531.631123 3318.470520 2889.965020 3307.416418 2908.275632 3488.368346 2562.974211 3510.852238 90.000000
20250924_165207 1 2482.784747 3069.400634 2858.690835 3048.935833 2879.155637 3258.969320 2521.560160 3265.431889 90.000000
20250924_165207 2 2426.789133 2777.491674 2831.776781 2739.793356 2855.472867 2986.448067 2468.795830 3018.760911 90.000000
20250924_165207 3 2368.603844 2423.149650 2789.747915 2405.916134 2822.060759 2680.575310 2413.841826 2711.811059 90.000000
20250924_165207 4 2297.518538 2067.724630 2747.744168 2039.720165 2781.269207 2324.182385 2357.835847 2353.154754 90.000000
20250924_165207 5 2212.425097 1647.685725 2697.117761 1627.220924 2735.893174 1966.505788 2282.436260 1993.433159 90.000000
20250924_165207 6 2110.121820 1135.024080 2634.666992 1091.940288 2683.136258 1532.472064 2188.749741 1565.862004 90.000000
20250924_165210 0 2535.986080 3319.862394 2892.421892 3312.208864 2908.275632 3488.368346 2562.974211 3510.852238 90.000000
20250924_165210 1 2485.691456 3070.575998 2858.527689 3048.708770 2883.675000 3259.727518 2525.052466 3267.381047 90.000000
20250924_165210 2 2432.116748 2779.741869 2827.913570 2748.034389 2855.472867 2986.448067 2472.571119 3021.374736 90.000000
20250924_165210 3 2375.261956 2426.586141 2787.459198 2401.438830 2822.060759 2680.575310 2420.089773 2714.140186 90.000000
20250924_165210 4 2297.633297 2072.337052 2749.191550 2043.909656 2783.085753 2330.370339 2357.835847 2353.154754 90.000000
20250924_165210 5 2210.164387 1652.486280 2692.336758 1627.338968 2735.893174 1966.505788 2282.436260 1993.433159 90.000000
20250924_165210 6 2112.855223 1140.793151 2631.108520 1097.058696 2682.496505 1527.843082 2190.483882 1565.017369 90.000000
20250924_165212 0 2533.992193 3326.561019 2891.386568 3320.023317 2908.820440 3495.451654 2565.591086 3517.243994 90.000000
20250924_165212 1 2489.317896 3075.949110 2865.235760 3056.336004 2883.759249 3267.721701 2528.544108 3269.900935 90.000000
20250924_165212 2 2432.657812 2783.931754 2830.368016 2747.974393 2855.472867 2986.448067 2475.152875 3025.826728 90.000000
20250924_165212 3 2375.261956 2426.586141 2787.459198 2401.438830 2822.060759 2680.575310 2420.672025 2717.465117 90.000000
20250924_165212 4 2297.545304 2073.501472 2749.191550 2043.909656 2783.085753 2330.370339 2358.563856 2354.622657 90.000000
20250924_165212 5 2210.164387 1652.486280 2692.336758 1627.338968 2735.893174 1966.505788 2283.380283 1995.049048 90.000000
20250924_165212 6 2111.220798 1139.699704 2630.968106 1097.204641 2683.269722 1530.872207 2190.762838 1561.381483 90.000000
20250924_165219 0 2366.778086 3152.015955 2791.522323 3145.001830 2786.846239 3515.971108 2345.735711 3522.985233 90.000000
20250924_165219 1 2386.261767 2740.520621 2785.287545 2738.182579 2786.846239 3060.052982 2375.350905 3072.522538 90.000000
20250924_165219 2 2407.304142 2385.917634 2779.052767 2391.373065 2780.611462 2669.600023 2394.055239 2665.703287 90.000000
20250924_165219 3 2424.449780 2095.221120 2773.942871 2092.389648 2775.407959 2330.508545 2410.421530 2325.907898 90.000000
20250924_165219 4 2429.784912 1806.793091 2764.245170 1802.965911 2768.921253 2035.211383 2424.449780 2042.225508 90.000000
20250924_165219 5 2439.257378 1545.001980 2753.695312 1536.270386 2762.442139 1746.172363 2435.360642 1753.867036 90.000000
20250924_165219 6 2447.050850 1329.902146 2747.099531 1329.122799 2754.113656 1488.109633 2441.595419 1495.123758 90.000000
20250924_165222 0 2372.243224 3162.946230 2796.987460 3155.932105 2792.311377 3526.901384 2351.200849 3533.915509 90.000000
20250924_165222 1 2387.042500 2748.327960 2786.068279 2745.989919 2787.626973 3067.860322 2376.131639 3080.329878 90.000000
20250924_165222 2 2405.742674 2383.575432 2777.491299 2389.030863 2779.049994 2667.257821 2392.493771 2663.361085 90.000000
20250924_165222 3 2418.984643 2087.413780 2770.213970 2081.044066 2769.942821 2322.701205 2404.956393 2318.100558 90.000000
20250924_165222 4 2425.100508 1793.520614 2759.560766 1789.693433 2764.236849 2021.938906 2419.765377 2028.953031 90.000000
20250924_165222 5 2433.792240 1529.387301 2748.230174 1520.655707 2756.977001 1730.557684 2429.895504 1738.252356 90.000000
20250924_165222 6 2439.243510 1308.041595 2739.292191 1307.262248 2746.306316 1466.249082 2433.788080 1473.263207 90.000000
20250924_165225 0 2407.108969 3144.720954 2831.853205 3137.706829 2827.177122 3508.676108 2386.066594 3515.690233 90.000000
20250924_165225 1 2422.700649 2729.310281 2821.726427 2726.972240 2823.285122 3048.842643 2411.789788 3061.312198 90.000000
20250924_165225 2 2441.400822 2373.274189 2813.149448 2378.729620 2814.708142 2656.956579 2428.151919 2653.059842 90.000000
20250924_165225 3 2452.265581 2079.489747 2803.494909 2073.120033 2803.223760 2314.777172 2438.237331 2310.176525 90.000000
20250924_165225 4 2459.173850 1787.973791 2793.634108 1784.146610 2798.310191 2016.392083 2453.838718 2023.406208 90.000000
20250924_165225 5 2468.657985 1523.840478 2783.095919 1515.108884 2791.842746 1725.010861 2464.761249 1732.705533 90.000000
20250924_165225 6 2476.486465 1307.249192 2776.535146 1306.469845 2783.549271 1465.456678 2471.031035 1472.470803 90.000000
20250924_165228 0 2387.644761 3147.355801 2816.123448 3137.921408 2816.123448 3515.297133 2366.411608 3520.407429 90.000000
20250924_165228 1 2406.513547 2728.311507 2804.330457 2724.380510 2807.561133 3054.346039 2396.065799 3066.815594 90.000000
20250924_165228 2 2422.237536 2361.942575 2796.468463 2370.590768 2801.971859 2655.194961 2406.924535 2649.915045 90.000000
20250924_165228 3 2435.602926 2065.545391 2788.606468 2056.897197 2790.965067 2305.336216 2423.299542 2302.314531 90.000000
20250924_165228 4 2445.037319 1766.003409 2776.813477 1759.713814 2783.372402 2004.599092 2438.900929 2011.613217 90.000000
20250924_165228 5 2451.326915 1500.268003 2767.379084 1491.619810 2773.760159 1703.783476 2446.678662 1711.478149 90.000000
20250924_165228 6 2452.899313 1276.201167 2761.875688 1276.987366 2766.592885 1441.303046 2452.948448 1447.312422 90.000000
20250924_165232 0 2382.420575 3151.830493 2811.295580 3142.246694 2813.727499 3528.075532 2364.015658 3533.185828 90.000000
20250924_165232 1 2398.393574 2728.546038 2801.711781 2722.955489 2806.503680 3060.784403 2390.475250 3070.808844 90.000000
20250924_165232 2 2413.567922 2358.771127 2792.127982 2366.757626 2798.777259 2655.194961 2403.729935 2649.915045 90.000000
20250924_165232 3 2427.943620 2052.888210 2781.745533 2047.297660 2784.575867 2299.745666 2416.910343 2296.723982 90.000000
20250924_165232 4 2431.138220 1750.199892 2768.168484 1744.609342 2776.953634 1988.197566 2427.719830 2000.432118 90.000000
20250924_165232 5 2440.722019 1480.256220 2759.383335 1467.477822 2764.176360 1688.609128 2437.094863 1696.303801 90.000000
20250924_165232 6 2439.923369 1247.849095 2751.396836 1252.640994 2757.786036 1417.162877 2438.572749 1424.950224 90.000000
20250924_165234 0 2393.806595 3152.643780 2822.681599 3143.059981 2825.113518 3528.888819 2375.401678 3533.999115 90.000000
20250924_165234 1 2408.153019 2723.666316 2811.471226 2718.075766 2816.263126 3055.904680 2400.234695 3065.929121 90.000000
20250924_165234 2 2420.074219 2348.198395 2798.634279 2356.184894 2805.283556 2644.622228 2410.236232 2639.342313 90.000000
20250924_165234 3 2431.500526 2039.584080 2786.906986 2031.451210 2792.599995 2289.263218 2422.603352 2284.524675 90.000000
20250924_165234 4 2438.006823 1730.534985 2778.774115 1725.655262 2787.720273 1972.081252 2429.873952 1981.840697 90.000000
20250924_165234 5 2442.886545 1453.204086 2764.948234 1442.631354 2772.267818 1664.658730 2439.534724 1673.531762 90.000000
20250924_165234 6 2444.513119 1218.164116 2756.815363 1221.417264 2763.479045 1391.137690 2441.259971 1397.900564 90.000000
20250924_165236 0 2393.806595 3160.061046 2819.066919 3147.889258 2825.113518 3536.306084 2375.401678 3541.416380 90.000000
20250924_165236 1 2405.348353 2725.105146 2810.001373 2720.984444 2819.066919 3058.882077 2397.762273 3072.522246 90.000000
20250924_165236 2 2419.358743 2346.000485 2795.990983 2354.241890 2806.704810 2645.163511 2410.236232 2642.638875 90.000000
20250924_165236 3 2429.248430 2031.178787 2786.082845 2026.506366 2795.990983 2282.541661 2419.358743 2281.717520 90.000000
20250924_165236 4 2430.072570 1720.477793 2772.915047 1714.708809 2780.332312 1966.895823 2426.776008 1975.137229 90.000000
20250924_165236 5 2435.841554 1441.094140 2760.552938 1427.907891 2768.794344 1656.194828 2432.117459 1665.290356 90.000000
20250924_165236 6 2437.489835 1201.269234 2749.014970 1202.917515 2756.432236 1376.811175 2437.963409 1383.890174 90.000000
