image concentration x1 y1 x2 y2 x3 y3 x4 y4 rotation
IMG_0957 0 1862.527844 2313.580137 2184.222873 2305.136698 2190.977624 2596.435347 1869.282595 2605.723130 90.000000
IMG_0957 1 1849.862685 1955.578320 2166.491651 1942.913162 2178.312466 2239.277873 1859.994812 2242.655249 90.000000
IMG_0957 2 1837.197527 1600.109535 2152.137804 1589.133064 2163.958619 1878.743025 1848.173997 1889.719495 90.000000
IMG_0957 3 1822.843680 1253.928532 2138.628302 1241.263374 2149.604773 1525.807271 1832.131463 1535.095054 90.000000
IMG_0957 4 1805.112458 900.992778 2122.585768 889.171964 2135.250926 1177.937580 1820.297363 1186.942627 90.000000
IMG_0957 5 1792.447299 543.835305 2106.543233 529.481459 2119.208392 819.091419 1805.112458 835.978298 90.000000
IMG_0957 6 1774.716077 203.564710 2088.812011 195.965615 2103.165858 465.311322 1788.225580 477.976480 90.000000
IMG_0958 0 1862.527844 2313.580137 2184.222873 2305.136698 2190.977624 2596.435347 1869.282595 2605.723130 90.000000
IMG_0958 1 1849.862685 1955.578320 2166.491651 1942.913162 2178.312466 2239.277873 1859.994812 2242.655249 90.000000
IMG_0958 2 1837.197527 1600.109535 2152.137804 1589.133064 2163.958619 1878.743025 1848.173997 1889.719495 90.000000
IMG_0958 3 1822.843680 1253.928532 2138.628302 1241.263374 2149.604773 1525.807271 1832.131463 1535.095054 90.000000
IMG_0958 4 1805.112458 900.992778 2122.585768 889.171964 2135.250926 1177.937580 1820.297363 1186.942627 90.000000
IMG_0958 5 1792.447299 543.835305 2106.543233 529.481459 2119.208392 819.091419 1805.112458 835.978298 90.000000
IMG_0958 6 1774.716077 203.564710 2088.812011 195.965615 2103.165858 465.311322 1788.225580 477.976480 90.000000
IMG_0959 0 1867.592255 2310.203864 2189.287284 2301.760424 2196.042035 2593.059073 1874.347006 2602.346856 90.000000
IMG_0959 1 1853.238959 1952.202046 2169.867925 1939.536888 2181.688739 2235.901600 1863.371086 2239.278975 90.000000
IMG_0959 2 1841.417869 1594.201055 2156.358147 1583.224585 2168.178962 1872.834545 1852.394340 1883.811016 90.000000
IMG_0959 3 1826.219954 1248.020053 2142.004576 1235.354894 2152.981047 1519.898791 1835.507737 1529.186574 90.000000
IMG_0959 4 1809.332800 895.928368 2126.806110 884.107553 2139.471269 1172.873170 1824.517705 1181.878216 90.000000
IMG_0959 5 1796.667642 537.082757 2110.763576 522.728911 2123.428734 812.338872 1809.332800 829.225750 90.000000
IMG_0959 6 1778.092351 195.124025 2092.188285 187.524930 2106.542132 456.870637 1791.601854 469.535796 90.000000
IMG_0960 0 1870.121907 2315.263168 2191.816936 2306.819729 2198.571687 2598.118377 1876.876658 2607.406160 90.000000
IMG_0960 1 1860.827916 1955.574916 2177.456881 1942.909757 2189.277696 2239.274469 1870.960042 2242.651845 90.000000
IMG_0960 2 1845.633956 1598.417142 2160.574234 1587.440672 2172.395048 1877.050632 1856.610427 1888.027103 90.000000
IMG_0960 3 1830.436041 1248.863270 2146.220663 1236.198112 2157.197134 1520.742009 1839.723824 1530.029792 90.000000
IMG_0960 4 1814.392105 895.928368 2131.865414 884.107553 2144.530573 1172.873170 1829.577010 1181.878216 90.000000
IMG_0960 5 1800.040511 538.769192 2114.136445 524.415346 2126.801604 814.025306 1812.705670 830.912185 90.000000
IMG_0960 6 1784.838090 194.280808 2098.934024 186.681713 2113.287871 456.027420 1798.347593 468.692578 90.000000
IMG_0961 0 1872.656585 2311.883597 2194.351614 2303.440158 2201.106366 2594.738806 1879.411337 2604.026589 90.000000
IMG_0961 1 1859.983023 1953.040237 2176.611988 1940.375079 2188.432803 2236.739791 1870.115150 2240.117166 90.000000
IMG_0961 2 1844.789063 1596.727357 2159.729341 1585.750886 2171.550156 1875.360847 1855.765534 1886.337317 90.000000
IMG_0961 3 1832.970719 1248.863270 2148.755341 1236.198112 2159.731812 1520.742009 1842.258502 1530.029792 90.000000
IMG_0961 4 1814.392105 894.238582 2131.865414 882.417767 2144.530573 1171.183384 1829.577010 1180.188431 90.000000
IMG_0961 5 1801.730297 535.389621 2115.826231 521.035774 2128.491390 810.645735 1814.395456 827.532613 90.000000
IMG_0961 6 1783.993198 194.280808 2098.089131 186.681713 2112.442978 456.027420 1797.502700 468.692578 90.000000
IMG_0962 0 1878.563118 2318.633919 2200.258147 2310.190480 2207.012898 2601.489129 1885.317869 2610.776912 90.000000
IMG_0962 1 1861.670603 1954.727818 2178.299569 1942.062660 2190.120384 2238.427371 1871.802730 2241.804747 90.000000
IMG_0962 2 1847.320434 1600.102518 2162.260712 1589.126047 2174.081527 1878.736008 1858.296905 1889.712479 90.000000
IMG_0962 3 1836.345881 1252.238432 2152.130503 1239.573273 2163.106973 1524.117170 1845.633664 1533.404953 90.000000
IMG_0962 4 1816.923476 896.769953 2134.396785 884.949138 2147.061944 1173.714755 1832.108381 1182.719802 90.000000
IMG_0962 5 1806.793039 538.764782 2120.888973 524.410936 2133.554132 814.020896 1819.458198 830.907775 90.000000
IMG_0962 6 1787.368359 194.280808 2101.464293 186.681713 2115.818139 456.027420 1800.877861 468.692578 90.000000
IMG_0963 0 1877.717125 2318.633919 2199.412155 2310.190480 2206.166906 2601.489129 1884.471877 2610.776912 90.000000
IMG_0963 1 1863.362588 1957.265795 2179.991554 1944.600637 2191.812369 2240.965349 1873.494715 2244.342724 90.000000
IMG_0963 2 1850.704404 1599.256526 2165.644682 1588.280055 2177.465496 1877.890016 1861.680875 1888.866486 90.000000
IMG_0963 3 1836.345881 1252.238432 2152.130503 1239.573273 2163.106973 1524.117170 1845.633664 1533.404953 90.000000
IMG_0963 4 1816.923476 898.461938 2134.396785 886.641123 2147.061944 1175.406740 1832.108381 1184.411786 90.000000
IMG_0963 5 1806.793039 539.610775 2120.888973 525.256928 2133.554132 814.866889 1819.458198 831.753767 90.000000
IMG_0963 6 1789.906336 195.126800 2104.002270 187.527705 2118.356117 456.873412 1803.415839 469.538571 90.000000
IMG_0964 0 1925.882819 2061.070506 2170.542806 2050.267338 2162.917040 2175.456993 1927.789260 2195.156888 90.000000
IMG_0964 1 1914.444170 1885.677892 2173.084728 1864.071555 2172.449248 2012.773989 1922.705417 2022.941677 90.000000
IMG_0964 2 1901.734561 1678.511254 2181.345974 1646.101749 2174.991169 1822.129843 1911.902248 1850.726465 90.000000
IMG_0964 3 1885.992728 1423.306239 2181.345974 1403.983684 2178.168572 1604.795517 1897.921678 1629.579256 90.000000
IMG_0964 4 1868.509051 1161.102119 2186.429818 1141.530243 2181.345974 1351.874284 1880.128224 1372.845140 90.000000
IMG_0964 5 1845.812278 840.947973 2194.055584 826.967403 2187.700779 1087.514402 1863.605731 1102.765933 90.000000
IMG_0964 6 1812.767293 443.772670 2195.962025 420.895372 2201.435148 757.689934 1837.551032 780.577327 90.000000
IMG_0965 0 1927.227881 2051.511161 2172.846291 2041.408604 2168.426422 2167.059153 1929.753521 2182.212988 90.000000
IMG_0965 1 1917.125325 1879.767697 2176.634749 1857.036945 2171.583471 2007.312475 1924.702242 2014.257983 90.000000
IMG_0965 2 1903.865719 1674.559515 2176.634749 1647.408894 2176.003340 1817.258128 1915.231095 1845.671568 90.000000
IMG_0965 3 1888.711884 1423.889827 2181.345974 1403.983684 2176.634749 1603.210208 1900.077260 1629.729420 90.000000
IMG_0965 4 1868.509051 1165.521987 2186.429818 1145.950112 2181.345974 1356.294152 1881.134967 1373.377044 90.000000
IMG_0965 5 1847.038838 849.938326 2194.055584 833.281501 2188.631535 1088.611228 1864.086902 1107.553521 90.000000
IMG_0965 6 1812.942709 453.412977 2193.436386 428.472290 2195.577043 763.435185 1840.724740 786.165937 90.000000
IMG_0966 0 1929.100202 2028.419201 2174.718612 2018.316645 2166.215645 2139.461658 1931.625842 2159.121028 90.000000
IMG_0966 1 1917.821055 1857.365289 2174.953143 1835.521544 2171.208501 1984.059012 1923.438018 1992.172403 90.000000
IMG_0966 2 1906.587129 1653.906404 2178.697785 1627.069802 2178.697785 1796.826909 1916.572841 1822.415296 90.000000
IMG_0966 3 1886.839563 1406.414831 2179.473653 1386.508687 2179.945999 1581.509991 1899.721952 1610.218913 90.000000
IMG_0966 4 1871.629586 1146.174670 2189.550353 1126.602794 2184.466509 1336.946835 1884.255502 1354.029727 90.000000
IMG_0966 5 1848.287052 831.215116 2195.303798 814.558290 2189.879749 1069.888017 1865.335116 1088.830311 90.000000
IMG_0966 6 1813.566816 435.313873 2194.060493 410.373186 2196.201150 745.336081 1841.348847 768.066834 90.000000
IMG_0967 0 1929.100202 2024.062890 2174.718612 2013.960333 2166.215645 2135.105346 1931.625842 2154.764717 90.000000
IMG_0967 1 1917.446591 1854.490399 2174.953143 1834.276883 2170.734980 1978.956438 1925.536884 1989.536051 90.000000
IMG_0967 2 1905.342469 1654.528734 2176.335951 1624.228228 2179.447602 1794.746700 1917.446591 1820.884569 90.000000
IMG_0967 3 1886.330081 1403.923339 2181.314593 1385.875764 2178.825272 1580.665114 1901.266006 1608.669973 90.000000
IMG_0967 4 1868.904836 1146.900970 2187.537895 1126.364073 2183.803914 1333.600028 1882.596100 1354.136924 90.000000
IMG_0967 5 1845.175401 834.949097 2192.192147 818.292271 2190.027215 1068.487365 1864.548525 1090.268922 90.000000
IMG_0967 6 1812.895119 442.423191 2193.138866 413.796002 2200.606829 746.120325 1837.788326 769.768873 90.000000
IMG_0968 0 1930.339326 2017.247710 2172.483761 2005.760099 2168.766390 2124.715969 1932.864965 2147.949537 90.000000
IMG_0968 1 1917.446591 1850.153466 2174.962008 1827.945857 2171.864199 1971.684199 1925.536884 1985.199118 90.000000
IMG_0968 2 1904.103345 1650.191801 2179.918502 1612.957905 2179.298941 1786.435215 1916.207467 1816.547636 90.000000
IMG_0968 3 1886.330081 1400.205968 2178.059817 1379.383099 2179.298941 1575.164634 1901.266006 1604.952602 90.000000
IMG_0968 4 1868.285274 1143.183599 2186.918333 1122.646702 2183.184352 1329.882657 1881.976538 1350.419553 90.000000
IMG_0968 5 1842.697154 833.709973 2196.646672 811.864472 2193.548862 1064.645695 1862.070277 1089.029798 90.000000
IMG_0968 6 1809.177748 441.184068 2194.168424 409.768851 2200.364042 741.853986 1834.070955 768.529749 90.000000
IMG_0969 0 1930.339326 2017.866280 2172.483761 2006.378669 2168.766390 2125.334538 1932.864965 2148.568107 90.000000
IMG_0969 1 1918.065161 1849.534897 2175.580577 1827.327287 2172.482768 1971.065630 1926.155453 1984.580548 90.000000
IMG_0969 2 1905.490468 1649.073123 2178.279679 1618.763211 2179.298941 1786.435215 1918.480430 1816.705495 90.000000
IMG_0969 3 1888.789088 1401.645267 2183.228236 1381.232469 2178.898249 1574.844766 1901.266006 1606.189741 90.000000
IMG_0969 4 1867.666705 1145.657877 2186.299763 1125.120981 2182.565782 1332.356935 1881.357969 1352.893832 90.000000
IMG_0969 5 1842.697154 835.565682 2196.646672 813.720181 2193.548862 1066.501403 1862.070277 1090.885507 90.000000
IMG_0969 6 1809.796317 443.658346 2194.786994 412.243129 2200.982612 744.328265 1834.689525 771.004028 90.000000
IMG_0970 0 1930.339326 2017.866280 2172.483761 2006.378669 2168.766390 2125.334538 1932.864965 2148.568107 90.000000
IMG_0970 1 1918.065161 1849.534897 2175.580577 1827.327287 2172.482768 1971.065630 1926.155453 1984.580548 90.000000
IMG_0970 2 1905.490468 1649.073123 2178.279679 1618.763211 2179.298941 1786.435215 1918.480430 1816.705495 90.000000
IMG_0970 3 1888.789088 1401.645267 2183.228236 1381.232469 2178.898249 1574.844766 1901.266006 1606.189741 90.000000
IMG_0970 4 1867.666705 1145.657877 2186.299763 1125.120981 2182.565782 1332.356935 1881.357969 1352.893832 90.000000
IMG_0970 5 1842.697154 835.565682 2196.646672 813.720181 2193.548862 1066.501403 1862.070277 1090.885507 90.000000
IMG_0970 6 1809.796317 443.658346 2194.786994 412.243129 2200.982612 744.328265 1834.689525 771.004028 90.000000
IMG_0971 0 1811.330927 2288.260719 2105.328575 2270.016184 2124.094382 2524.397127 1813.432720 2540.295936 90.000000
IMG_0971 1 1807.160748 2009.379972 2076.658592 1998.954523 2098.552033 2213.718762 1812.373472 2234.048387 90.000000
IMG_0971 2 1801.363583 1771.568468 2052.158788 1772.722291 2071.445867 1954.125095 1804.942807 1958.829333 90.000000
IMG_0971 3 1797.777844 1581.415311 2033.392980 1573.596225 2049.031153 1728.935407 1802.228856 1734.093898 90.000000
IMG_0971 4 1791.001303 1393.235966 2012.542083 1381.246700 2028.180256 1535.543338 1796.214027 1549.096421 90.000000
IMG_0971 5 1786.104043 1223.267726 1994.818821 1211.311890 2007.850631 1344.757630 1791.584511 1359.628200 90.000000
IMG_0971 6 1777.969492 1086.727780 1979.180648 1082.557601 1991.169914 1177.429182 1782.660944 1191.503538 90.000000
IMG_0972 0 1851.788195 2279.978566 2141.870529 2271.219419 2160.934555 2526.780409 1850.757708 2535.024312 90.000000
IMG_0972 1 1851.272951 2007.929770 2118.684552 2002.262087 2138.263822 2215.057831 1853.333927 2232.060880 90.000000
IMG_0972 2 1846.635756 1774.009025 2095.498575 1776.585244 2113.532113 1956.405377 1850.242464 1956.920621 90.000000
IMG_0972 3 1846.120512 1584.399258 2079.010769 1577.701087 2091.891868 1731.759022 1848.696732 1734.850486 90.000000
IMG_0972 4 1839.422341 1396.850467 2061.492476 1390.152295 2074.888818 1541.118767 1844.059536 1550.908402 90.000000
IMG_0972 5 1836.330877 1227.850457 2046.035158 1218.576066 2057.885768 1352.539488 1840.452829 1363.874855 90.000000
IMG_0972 6 1832.724170 1092.856547 2030.577840 1090.795571 2041.913206 1186.115698 1835.300390 1195.905333 90.000000
IMG_0973 0 1856.927799 2281.006487 2147.010133 2272.247340 2166.074159 2527.808330 1855.897312 2536.052233 90.000000
IMG_0973 1 1855.233270 1999.220589 2121.254354 1997.122483 2139.967335 2211.486237 1859.344954 2228.446930 90.000000
IMG_0973 2 1851.775360 1762.187935 2100.638179 1764.764155 2118.671717 1944.584287 1855.382068 1945.099531 90.000000
IMG_0973 3 1849.065746 1564.924046 2081.066611 1559.198512 2094.738820 1717.570286 1852.149508 1718.598207 90.000000
IMG_0973 4 1842.384260 1371.674933 2065.957037 1363.965527 2077.972580 1519.532430 1847.143299 1529.322065 90.000000
IMG_0973 5 1837.244656 1199.498197 2047.454462 1188.191068 2057.733670 1326.960378 1842.508671 1338.176835 90.000000
IMG_0973 6 1832.105052 1057.131164 2033.063571 1054.561362 2042.941127 1155.792034 1836.328310 1165.581669 90.000000
IMG_0974 0 1857.455020 2264.135416 2147.537354 2255.376270 2166.601380 2510.937260 1856.424533 2519.181163 90.000000
IMG_0974 1 1853.124387 1984.458402 2125.359023 1981.152183 2142.230093 2198.367214 1858.058001 2210.493296 90.000000
IMG_0974 2 1851.248139 1747.952970 2103.742964 1750.229406 2118.144496 1930.349322 1854.854847 1930.864566 90.000000
IMG_0974 3 1851.174629 1551.743522 2083.175495 1546.017988 2096.847703 1704.389763 1854.258392 1705.417683 90.000000
IMG_0974 4 1842.911481 1361.130514 2066.484258 1353.421108 2078.499801 1508.988011 1847.670520 1518.777646 90.000000
IMG_0974 5 1841.989645 1187.372115 2052.199451 1176.064986 2059.983625 1317.908227 1847.253659 1326.050753 90.000000
IMG_0974 6 1835.914721 1047.443879 2035.731461 1045.334996 2045.748660 1147.088639 1838.964415 1155.037250 90.000000
IMG_0975 0 1866.896028 2276.198926 2156.978362 2267.439779 2176.042387 2523.000769 1865.865540 2531.244672 90.000000
IMG_0975 1 1859.942892 1994.423910 2132.177528 1991.117691 2149.048599 2208.332722 1864.876507 2220.458804 90.000000
IMG_0975 2 1856.233686 1752.099305 2107.469385 1756.295309 2124.438501 1939.265829 1861.148852 1939.781073 90.000000
IMG_0975 3 1852.037682 1552.789147 2084.391366 1547.019643 2096.979376 1708.565771 1855.831893 1710.138187 90.000000
IMG_0975 4 1846.792678 1358.199493 2068.656354 1351.380988 2083.342365 1508.206612 1851.513182 1518.172120 90.000000
IMG_0975 5 1841.465144 1185.274113 2050.298839 1172.001846 2063.411350 1312.567957 1846.729159 1323.952751 90.000000
IMG_0975 6 1835.390221 1041.149874 2036.137328 1039.827741 2047.151837 1138.433819 1838.439915 1148.743245 90.000000
IMG_0976 0 1871.170328 2261.887344 2159.900154 2252.864537 2179.226907 2511.854949 1869.050060 2520.098852 90.000000
IMG_0976 1 1866.393548 1980.588065 2139.200773 1976.872792 2155.123374 2198.196941 1870.714793 2209.312984 90.000000
IMG_0976 2 1864.801288 1735.910768 2117.439885 1741.749055 2132.399801 1928.650762 1869.110152 1929.166006 90.000000
IMG_0976 3 1861.616768 1538.470519 2098.863518 1534.755246 2110.540092 1696.635020 1865.862795 1698.227280 90.000000
IMG_0976 4 1856.839988 1343.684038 2080.817904 1340.499518 2091.834419 1495.468532 1861.086014 1505.033058 90.000000
IMG_0976 5 1854.186221 1170.127690 2065.956810 1161.104883 2078.694890 1302.816029 1856.813472 1311.214670 90.000000
IMG_0976 6 1848.347934 1026.293531 2050.564963 1025.232024 2061.180030 1128.728928 1852.239502 1137.066671 90.000000
IMG_0977 0 1879.150044 2271.994985 2167.879870 2262.972177 2187.206623 2521.962589 1877.029776 2530.206492 90.000000
IMG_0977 1 1873.841283 1986.439857 2146.648508 1982.724584 2162.571109 2204.048733 1878.162529 2215.164776 90.000000
IMG_0977 2 1869.057137 1740.698598 2121.695734 1746.536885 2136.655650 1933.438591 1873.366001 1933.953835 90.000000
IMG_0977 3 1866.936579 1542.194387 2104.183329 1538.479114 2115.859903 1700.358887 1871.182605 1701.951147 90.000000
IMG_0977 4 1862.691779 1346.343943 2086.669696 1343.159423 2097.686211 1498.128437 1866.937806 1507.692963 90.000000
IMG_0977 5 1859.506032 1171.723633 2071.276621 1162.700826 2084.014701 1304.411973 1862.133283 1312.810614 90.000000
IMG_0977 6 1853.135764 1027.357493 2055.352792 1026.295986 2065.967859 1129.792891 1857.027332 1138.130633 90.000000
IMG_2470 0 1611.803790 2447.142235 1866.501402 2443.223810 1880.215889 2635.226626 1632.375520 2634.247020 90.000000
IMG_2470 1 1580.456391 2201.261078 1847.888885 2195.383441 1866.501402 2395.223107 1605.926153 2403.059956 90.000000
IMG_2470 2 1550.088599 1933.828585 1826.337548 1929.910160 1842.990854 2142.484706 1574.578754 2151.301162 90.000000
IMG_2470 3 1516.577147 1646.903883 1806.745424 1639.946724 1821.439517 1874.072607 1543.231356 1882.889063 90.000000
IMG_2470 4 1482.861008 1336.038228 1784.214481 1324.513527 1800.867787 1582.149958 1510.904351 1591.946020 90.000000
IMG_2470 5 1442.450224 998.882687 1748.948658 989.488206 1775.398026 1262.798336 1471.720103 1277.492429 90.000000
IMG_2470 6 1395.310819 628.013517 1720.540078 619.197061 1753.846689 917.976953 1434.495067 927.773015 90.000000
IMG_2471 0 1494.036148 2573.504932 1818.545583 2578.528298 1813.522217 2881.939596 1491.022129 2875.911557 90.000000
IMG_2471 1 1497.050168 2199.766511 1819.550256 2203.785204 1817.540910 2504.182483 1497.050168 2502.173137 90.000000
IMG_2471 2 1503.078207 1835.070149 1825.578295 1833.060803 1819.550256 2128.434716 1498.054841 2128.434716 90.000000
IMG_2471 3 1507.096899 1470.373788 1824.573622 1473.387807 1822.564276 1761.729008 1502.073534 1762.733681 90.000000
IMG_2471 4 1511.115592 1107.686772 1826.582969 1111.705465 1825.578295 1402.056012 1508.101573 1399.041992 90.000000
IMG_2471 5 1510.110919 754.041815 1830.601661 755.046488 1827.587642 1044.392362 1508.101573 1040.373669 90.000000
IMG_2471 6 1517.143631 399.392185 1829.596988 400.396858 1830.601661 686.728712 1517.143631 683.714693 90.000000
IMG_2472 0 1505.779719 2418.940030 1819.868611 2425.768050 1805.359069 2733.028922 1480.174646 2725.347400 90.000000
IMG_2472 1 1532.238294 2066.443529 1833.524649 2070.711041 1824.136123 2355.780851 1511.754236 2348.099329 90.000000
IMG_2472 2 1564.671386 1748.087125 1853.155205 1754.061642 1837.792162 2002.430847 1542.480323 2004.137852 90.000000
IMG_2472 3 1591.129961 1459.603306 1863.397234 1468.138330 1851.448200 1693.462970 1572.352908 1690.902463 90.000000
IMG_2472 4 1614.174526 1193.310549 1873.639263 1200.992071 1866.811244 1411.807170 1594.543971 1406.686155 90.000000
IMG_2472 5 1631.244575 950.915861 1884.734795 955.183373 1876.199771 1149.781926 1615.028029 1144.660911 90.000000
IMG_2472 6 1651.728633 725.591221 1894.976824 728.151728 1888.148805 909.094242 1638.072594 905.680233 90.000000
IMG_2473 0 1477.116761 2309.413647 1738.114258 2309.362061 1753.120610 2519.483242 1496.283695 2511.816469 90.000000
IMG_2473 1 1448.749699 2043.376604 1717.853451 2041.076572 1734.720353 2257.279586 1469.449987 2259.579618 90.000000
IMG_2473 2 1418.849282 1758.172627 1698.686517 1753.572563 1716.320096 1985.875802 1443.382957 1989.709189 90.000000
IMG_2473 3 1385.882156 1455.335071 1676.452874 1449.968330 1693.319776 1696.838438 1410.415831 1700.671825 90.000000
IMG_2473 4 1349.848320 1128.730517 1651.919198 1124.897130 1671.086132 1388.634141 1378.982059 1394.767560 90.000000
IMG_2473 5 1312.281129 782.192352 1621.252104 776.058933 1644.252425 1060.496232 1344.481578 1066.629651 90.000000
IMG_2473 6 1270.880552 408.053801 1599.018461 397.320318 1621.252104 701.691229 1302.314324 713.958067 90.000000
IMG_2474 0 1313.864298 2448.287009 1634.437046 2451.724787 1630.999269 2750.811426 1315.583187 2745.654760 90.000000
IMG_2474 1 1311.285965 2081.304266 1629.280380 2082.163710 1631.858713 2377.812571 1313.864298 2377.812571 90.000000
IMG_2474 2 1313.864298 1716.899855 1630.999269 1717.759299 1630.139824 2009.110939 1312.145409 2011.689272 90.000000
IMG_2474 3 1314.723742 1355.933222 1633.577602 1356.792666 1634.437046 1646.425417 1315.583187 1644.706528 90.000000
IMG_2474 4 1313.004854 1000.982699 1625.842603 1000.123255 1627.561491 1284.599339 1314.723742 1283.739895 90.000000
IMG_2474 5 1315.583187 644.313287 1628.420936 642.594399 1629.280380 926.211039 1314.723742 927.929928 90.000000
IMG_2474 6 1316.442631 291.941098 1627.561491 287.643876 1630.999269 569.541628 1318.161520 572.979405 90.000000
IMG_2475 0 1345.383764 2284.825202 1654.100738 2291.422631 1629.099954 2588.654164 1311.034435 2580.320570 90.000000
IMG_2475 1 1381.446968 1946.399737 1676.323656 1949.050795 1659.656467 2217.809214 1352.702407 2217.809214 90.000000
IMG_2475 2 1414.720418 1638.557533 1698.546574 1643.485667 1682.573852 1885.159905 1388.120183 1883.770972 90.000000
IMG_2475 3 1446.610881 1355.765151 1717.336294 1361.332769 1702.018905 1581.678176 1422.149027 1578.205845 90.000000
IMG_2475 4 1475.018610 1096.636630 1733.964351 1101.802032 1722.158425 1306.669561 1451.316607 1303.197230 90.000000
IMG_2475 5 1500.644017 860.483449 1747.159208 862.905660 1737.436682 1051.800466 1481.873120 1048.328135 90.000000
IMG_2475 6 1522.846626 638.593077 1765.215330 643.454341 1748.548141 819.154289 1506.873903 814.293026 90.000000
IMG_2476 0 1455.927407 2176.595267 1716.547341 2183.799846 1722.542664 2374.900773 1472.987336 2369.654865 90.000000
IMG_2476 1 1427.879331 1925.435746 1697.062540 1925.251534 1709.802602 2132.090184 1449.006043 2129.841938 90.000000
IMG_2476 2 1400.470440 1650.074732 1678.327155 1650.216082 1692.566048 1872.792456 1420.528258 1872.792456 90.000000
IMG_2476 3 1364.914390 1351.551443 1657.343524 1352.698169 1671.582417 1591.761681 1392.050473 1593.260512 90.000000
IMG_2476 4 1333.161153 1029.355351 1635.610478 1028.201302 1649.849370 1289.747276 1356.827949 1291.246107 90.000000
IMG_2476 5 1294.007138 677.682990 1605.633862 674.477234 1628.865739 963.751577 1322.354841 964.500993 90.000000
IMG_2476 6 1254.926335 297.505574 1582.401984 287.778888 1605.633862 604.781601 1287.881733 608.528678 90.000000
IMG_2477 0 1282.214698 2353.520875 1607.117599 2359.412897 1598.700425 2659.064276 1279.689546 2648.963668 90.000000
IMG_2477 1 1286.423285 1988.215542 1611.326185 1989.057259 1606.275881 2287.866921 1284.739850 2283.658335 90.000000
IMG_2477 2 1293.998741 1627.118795 1609.642751 1630.485664 1608.801033 1917.511284 1288.106720 1916.669566 90.000000
IMG_2477 3 1300.732480 1264.338614 1615.534772 1270.230635 1609.642751 1553.889385 1299.049045 1553.889385 90.000000
IMG_2477 4 1306.624502 906.608736 1620.585076 911.659040 1617.911206 1202.710997 1303.257632 1194.476073 90.000000
IMG_2477 5 1313.763470 552.455486 1623.951946 554.770880 1624.793663 840.113065 1309.149654 838.429630 90.000000
IMG_2477 6 1316.869416 198.025393 1629.843967 201.249590 1630.685685 485.750057 1315.041675 485.750057 90.000000
IMG_2478 0 1323.026065 2207.473826 1629.009284 2218.862753 1599.379464 2514.471889 1283.787426 2503.446840 90.000000
IMG_2478 1 1363.976673 1875.826934 1657.950038 1879.842486 1637.967136 2151.334326 1332.711083 2143.065539 90.000000
IMG_2478 2 1404.185025 1571.002915 1686.201727 1579.409891 1665.529760 1822.650042 1374.055018 1815.759387 90.000000
IMG_2478 3 1439.676221 1291.726303 1708.940892 1302.405526 1690.336121 1520.839317 1411.264559 1515.326792 90.000000
IMG_2478 4 1471.213265 1039.182473 1730.301925 1047.451260 1712.386219 1248.658411 1444.339707 1242.456820 90.000000
IMG_2478 5 1504.977479 802.143912 1746.839499 809.034568 1730.301925 995.082276 1478.792986 987.502554 90.000000
IMG_2478 6 1528.405708 580.264794 1766.822401 583.710122 1749.595761 759.421846 1508.422807 753.909321 90.000000
IMG_2479 0 1432.791641 2211.185757 1679.512383 2220.216947 1688.041539 2400.750750 1452.068220 2387.246253 90.000000
IMG_2479 1 1405.157862 1977.135998 1661.032544 1982.822102 1675.958568 2173.306588 1423.637700 2166.909721 90.000000
IMG_2479 2 1374.595053 1718.418264 1641.131180 1723.393605 1658.189492 1933.068692 1396.628706 1926.671825 90.000000
IMG_2479 3 1340.478428 1439.799165 1621.229816 1442.642217 1636.155839 1670.086379 1366.776660 1665.111038 90.000000
IMG_2479 4 1304.229515 1134.171072 1599.906926 1137.724887 1616.254475 1386.491940 1331.238509 1383.648888 90.000000
IMG_2479 5 1263.716024 794.426355 1572.897932 793.004829 1592.088533 1074.466980 1295.700359 1070.913165 90.000000
IMG_2479 6 1217.516428 421.275777 1543.045885 421.986540 1569.344117 725.482344 1251.633053 728.325396 90.000000
IMG_2480 0 1271.463837 2474.462306 1585.893670 2480.679845 1582.337478 2769.795412 1273.188808 2769.795412 90.000000
IMG_2480 1 1271.888372 2112.712564 1583.229010 2113.845041 1583.229010 2404.292937 1271.517735 2407.172378 90.000000
IMG_2480 2 1272.092947 1754.077414 1581.452570 1752.339555 1585.893670 2042.787452 1271.463837 2041.011012 90.000000
IMG_2480 3 1270.575617 1393.498730 1583.229010 1394.386950 1584.117230 1682.170186 1267.022738 1680.393746 90.000000
IMG_2480 4 1268.799178 1037.322563 1583.229010 1038.210783 1585.893670 1320.664701 1269.687398 1324.217580 90.000000
IMG_2480 5 1267.022738 687.363936 1579.676131 682.034617 1584.117230 968.041414 1267.910958 968.041414 90.000000
IMG_2480 6 1267.022738 336.517089 1577.011471 332.964210 1582.340790 614.529907 1266.134518 619.859227 90.000000
IMG_2481 0 1284.849656 2403.660437 1592.880331 2401.220057 1571.492343 2701.341819 1256.881944 2698.582079 90.000000
IMG_2481 1 1321.177988 2063.132322 1614.958254 2061.082060 1596.330007 2329.466808 1294.138439 2333.606418 90.000000
IMG_2481 2 1354.852727 1754.750882 1632.896566 1751.991141 1619.787799 1996.918097 1328.635193 2001.747642 90.000000
IMG_2481 3 1383.140065 1477.396977 1648.765073 1478.776847 1636.346242 1696.106399 1358.992337 1699.556075 90.000000
IMG_2481 4 1410.737468 1224.190801 1666.703385 1222.810930 1655.664424 1424.271975 1387.279676 1427.721651 90.000000
IMG_2481 5 1434.195261 993.062547 1681.192022 989.612871 1669.463126 1173.825539 1415.567014 1175.895345 90.000000
IMG_2481 6 1459.032924 777.112865 1690.851113 772.973254 1683.951762 945.457026 1441.094612 947.526831 90.000000
IMG_2482 0 1544.520143 2084.944289 1774.124216 2096.424493 1785.604420 2267.276936 1563.428713 2250.394283 90.000000
IMG_2482 1 1513.456062 1862.093276 1755.215646 1876.274704 1769.397074 2052.529596 1541.143612 2043.075311 90.000000
IMG_2482 2 1484.417900 1622.359611 1735.631769 1633.164509 1753.189727 1827.652665 1507.378307 1818.873686 90.000000
IMG_2482 3 1449.977289 1358.990233 1713.346667 1368.444518 1727.528095 1580.490633 1476.989533 1574.412878 90.000000
IMG_2482 4 1411.484841 1073.335753 1687.009730 1078.738202 1707.268913 1310.368194 1441.198310 1305.641051 90.000000
IMG_2482 5 1370.966475 755.266580 1659.322179 759.318417 1679.581362 1015.259428 1403.381168 1015.259428 90.000000
IMG_2482 6 1325.045661 404.107409 1626.232181 398.704960 1653.244425 689.086583 1359.486272 691.112501 90.000000
IMG_2483 0 1373.347996 2393.457739 1674.464188 2401.048904 1670.246874 2689.513155 1369.130683 2674.330826 90.000000
IMG_2483 1 1369.130683 2045.951098 1672.777263 2047.638023 1671.090337 2331.041498 1371.661071 2322.606870 90.000000
IMG_2483 2 1374.191459 1697.600993 1670.246874 1698.444456 1671.933800 1978.474080 1373.899673 1975.945204 90.000000
IMG_2483 3 1373.347996 1354.311665 1670.246874 1355.155128 1672.777263 1630.123976 1374.091774 1629.815117 90.000000
IMG_2483 4 1373.347996 1014.396189 1673.620725 1009.335412 1675.307651 1285.147722 1373.347996 1289.365036 90.000000
IMG_2483 5 1376.721847 675.324174 1671.090337 667.733010 1672.777263 942.701857 1375.034922 947.762633 90.000000
IMG_2483 6 1381.782623 339.626011 1671.090337 332.034846 1672.777263 602.786380 1378.949267 610.377545 90.000000
IMG_2484 0 1375.492496 2303.995986 1669.106063 2316.402193 1648.429051 2605.191124 1349.122718 2600.602272 90.000000
IMG_2484 1 1413.400351 1977.299201 1697.364645 1982.813071 1679.444568 2245.411120 1389.357015 2241.903179 90.000000
IMG_2484 2 1446.483570 1671.968661 1723.555527 1677.482531 1706.324684 1915.957399 1424.371800 1915.562109 90.000000
IMG_2484 3 1478.877555 1396.964405 1739.407903 1401.099807 1724.244761 1618.897664 1456.730372 1618.827049 90.000000
IMG_2484 4 1507.825371 1144.015628 1766.977252 1146.083329 1749.057175 1348.718044 1487.148359 1346.650343 90.000000
IMG_2484 5 1534.016253 905.540759 1780.761926 905.540759 1765.598784 1094.390800 1514.028475 1094.390800 90.000000
IMG_2484 6 1556.760966 684.296733 1793.857367 686.364435 1781.451160 860.740567 1537.462421 862.119034 90.000000
IMG_2485 0 1361.495991 2472.090996 1667.873851 2476.442955 1670.485026 2769.764941 1361.495991 2760.190633 90.000000
IMG_2485 1 1353.662466 2110.008070 1667.873851 2110.878461 1669.614635 2398.978098 1356.273641 2398.107706 90.000000
IMG_2485 2 1354.054106 1752.787627 1666.133068 1749.665927 1671.355418 2040.376738 1356.273641 2042.117521 90.000000
IMG_2485 3 1350.189819 1402.092101 1660.910718 1398.898092 1662.651502 1681.775378 1353.662466 1688.738511 90.000000
IMG_2485 4 1347.569724 1049.871040 1659.169935 1049.000648 1666.133068 1331.877935 1350.180899 1336.229893 90.000000
IMG_2485 5 1348.440116 705.195946 1651.336410 699.103205 1654.817977 977.628533 1348.440116 985.462058 90.000000
IMG_2485 6 1346.730866 364.383787 1653.077193 352.687328 1656.558760 630.342265 1348.440116 638.175789 90.000000
IMG_2486 0 1540.860909 2167.341323 1772.845337 2178.090088 1784.434796 2347.491539 1561.102507 2331.298261 90.000000
IMG_2486 1 1509.823794 1945.358474 1750.698800 1953.455113 1765.542638 2133.605328 1532.089551 2124.833969 90.000000
IMG_2486 2 1476.762518 1705.158187 1729.782483 1712.580106 1747.325201 1906.899439 1501.727155 1900.152240 90.000000
IMG_2486 3 1440.327643 1443.366863 1706.842006 1452.138222 1725.734164 1664.000273 1468.665879 1655.228914 90.000000
IMG_2486 4 1403.892768 1158.635063 1677.829050 1160.659222 1699.420087 1394.787030 1432.231004 1391.413431 90.000000
IMG_2486 5 1358.686535 844.215586 1648.816094 842.866146 1673.106011 1102.633310 1395.121409 1100.609151 90.000000
IMG_2486 6 1311.456141 496.060114 1613.730659 492.011795 1646.791935 778.093035 1352.614055 780.117195 90.000000
IMG_2487 0 1362.561927 2415.897755 1661.698886 2420.656752 1633.824760 2710.275717 1330.608660 2708.916003 90.000000
IMG_2487 1 1395.195049 2086.847099 1684.134158 2084.807529 1664.418313 2347.912082 1368.839134 2349.573490 90.000000
IMG_2487 2 1429.867742 1784.310856 1701.130576 1784.310856 1687.533442 2022.940567 1406.954058 2024.105346 90.000000
IMG_2487 3 1461.702268 1513.035223 1720.166564 1509.648739 1701.810433 1725.843178 1439.385737 1727.882748 90.000000
IMG_2487 4 1488.335421 1262.180891 1739.882409 1259.461464 1725.605418 1460.699055 1468.619576 1463.418481 90.000000
IMG_2487 5 1515.262597 1034.782305 1750.760117 1028.990034 1739.202553 1210.511779 1493.774275 1215.270776 90.000000
IMG_2487 6 1535.925392 821.633732 1764.922041 814.552120 1756.878828 984.799346 1520.968544 990.238200 90.000000
IMG_2488 0 1334.492004 2513.323136 1633.194224 2522.399722 1628.243358 2800.473335 1335.317149 2791.396749 90.000000
IMG_2488 1 1332.841716 2170.888271 1625.767926 2170.063126 1628.243358 2448.961884 1330.366283 2444.011018 90.000000
IMG_2488 2 1327.065706 1825.977973 1624.942781 1826.803117 1625.767926 2098.275576 1328.715995 2100.751009 90.000000
IMG_2488 3 1323.765129 1485.193397 1621.642204 1483.543108 1624.942781 1756.665856 1330.366283 1760.791577 90.000000
IMG_2488 4 1326.240562 1152.660263 1617.516483 1146.884253 1619.991916 1413.405847 1326.240562 1420.832145 90.000000
IMG_2488 5 1321.289696 818.476841 1615.866195 808.575110 1621.642204 1078.397280 1322.114841 1084.998434 90.000000
IMG_2488 6 1321.289696 493.370005 1609.265041 477.692264 1611.740473 740.913281 1325.415418 754.940733 90.000000
IMG_2489 0 1541.924531 2227.745831 1775.762731 2237.099359 1793.030782 2411.218880 1569.985115 2398.987343 90.000000
IMG_2489 1 1508.827432 2000.383150 1746.982644 2009.017176 1770.006713 2190.331719 1537.607518 2181.697693 90.000000
IMG_2489 2 1470.693818 1757.191423 1720.361065 1758.630427 1744.824138 1957.213021 1498.034899 1954.335013 90.000000
IMG_2489 3 1428.962693 1491.695128 1687.263966 1495.292639 1711.007537 1706.826272 1464.218298 1706.106770 90.000000
IMG_2489 4 1385.792563 1206.772275 1658.483880 1203.894267 1682.227451 1437.732466 1422.487173 1439.171471 90.000000
IMG_2489 5 1335.427413 895.227843 1618.191759 890.191328 1647.691347 1146.334094 1376.439035 1147.773099 90.000000
IMG_2489 6 1287.220768 558.500835 1579.338643 549.147307 1613.874746 823.277627 1328.232391 832.631155 90.000000
IMG_2490 0 1421.832015 2398.460388 1710.483887 2399.103265 1687.340307 2682.612118 1384.545137 2675.540469 90.000000
IMG_2490 1 1461.690403 2086.022059 1734.270344 2080.236164 1714.984027 2336.101297 1428.260787 2332.886911 90.000000
IMG_2490 2 1496.405773 1798.655942 1754.199537 1795.441556 1740.699116 2022.377215 1466.833421 2026.234478 90.000000
IMG_2490 3 1528.549634 1543.433687 1780.557503 1538.290669 1761.914064 1742.082747 1502.191668 1748.511519 90.000000
IMG_2490 4 1556.836231 1312.640765 1799.200943 1302.997607 1783.771889 1493.932141 1533.692651 1499.718036 90.000000
IMG_2490 5 1582.551320 1101.134160 1811.415610 1092.776756 1797.272311 1262.496342 1563.907881 1268.925114 90.000000
IMG_2490 6 1606.980654 906.342363 1828.130418 898.627836 1815.915750 1054.204123 1590.265847 1061.275772 90.000000
IMG_2491 0 1326.674895 2644.652473 1644.531972 2639.659953 1652.852838 2934.218605 1334.163674 2940.875298 90.000000
IMG_2491 1 1310.033163 2277.702287 1628.722327 2268.549335 1642.035712 2559.779641 1322.514462 2571.428853 90.000000
IMG_2491 2 1297.551865 1914.080448 1620.401461 1904.095409 1629.554413 2192.829455 1305.872730 2208.639101 90.000000
IMG_2491 3 1289.230999 1553.786956 1604.591816 1542.969830 1617.905201 1835.032223 1299.216038 1843.353088 90.000000
IMG_2491 4 1276.749700 1200.982243 1597.935123 1189.333030 1606.255989 1478.067076 1286.734739 1485.555856 90.000000
IMG_2491 5 1264.268401 849.841703 1580.461304 834.864144 1592.110517 1116.109411 1273.421354 1131.919056 90.000000
IMG_2491 6 1251.787102 500.365336 1562.987486 485.387777 1575.468785 768.297217 1260.940055 777.450169 90.000000
IMG_2492 0 1495.093543 2269.937180 1741.024128 2278.385177 1746.656126 2457.670451 1514.805536 2442.651790 90.000000
IMG_2492 1 1466.933552 2032.454592 1715.868896 2038.442383 1729.760131 2229.574527 1487.584212 2222.065196 90.000000
IMG_2492 2 1437.834895 1779.953343 1699.722808 1783.708008 1716.609131 1992.969238 1461.301554 1984.582608 90.000000
IMG_2492 3 1404.042906 1504.924100 1674.378816 1510.556099 1691.274811 1732.081359 1429.386898 1725.510694 90.000000
IMG_2492 4 1367.434918 1210.182865 1649.973491 1210.182865 1671.562817 1451.420118 1395.594909 1448.604119 90.000000
IMG_2492 5 1328.010931 881.649640 1623.690833 883.526973 1647.157492 1147.292219 1361.802920 1148.230885 90.000000
IMG_2492 6 1289.525611 524.956425 1597.408175 528.711091 1619.936168 813.126996 1322.378933 815.942996 90.000000
IMG_2493 0 1369.308993 2490.726071 1670.940732 2491.671625 1650.138543 2791.412257 1337.160155 2784.793378 90.000000
IMG_2493 1 1402.403384 2150.326616 1693.634029 2149.381062 1673.777394 2423.591734 1377.818979 2419.809518 90.000000
IMG_2493 2 1435.497776 1840.184891 1712.545110 1836.402675 1695.525137 2084.137833 1409.022262 2085.083388 90.000000
IMG_2493 3 1460.486694 1556.812256 1728.619528 1556.518678 1713.490664 1780.614986 1438.334438 1781.560540 90.000000
IMG_2493 4 1488.448802 1296.491317 1741.857285 1293.654655 1731.456191 1502.622098 1467.646613 1504.513206 90.000000
IMG_2493 5 1512.087653 1054.429482 1757.931704 1054.429482 1745.639501 1246.376953 1494.122126 1248.268061 90.000000
IMG_2493 6 1534.780950 835.060944 1771.169460 829.387620 1760.768366 1008.097334 1519.652085 1011.879550 90.000000
IMG_8953 0 1020.222121 1586.264568 1295.408698 1588.616590 1283.648588 1917.899673 1003.757967 1914.371640 0.000000
IMG_8953 1 1367.145369 1586.264568 1665.852166 1594.496645 1655.268067 1921.427706 1354.209248 1920.251695 0.000000
IMG_8953 2 1737.588838 1596.848667 2029.239569 1602.728722 2025.711536 1922.603717 1728.180750 1921.427706 0.000000
IMG_8953 3 2098.624218 1600.376700 2386.746916 1605.080744 2393.802982 1924.955739 2102.152251 1921.427706 0.000000
IMG_8953 4 2459.659599 1606.256755 2745.430275 1614.488832 2754.838363 1927.307761 2469.067687 1922.603717 0.000000
IMG_8953 5 2815.650685 1617.787671 3100.585600 1621.544898 3111.169699 1939.067871 2831.279078 1933.187816 0.000000
IMG_8953 6 3166.442217 1620.368887 3425.164639 1628.600964 3460.444970 1943.771916 3186.434404 1939.067871 0.000000
IMG_8954 0 940.291635 1588.615465 1201.821010 1595.165959 1187.715630 1912.537007 925.590653 1910.186110 0.000000
IMG_8954 1 1272.347909 1593.990510 1562.683646 1598.692304 1555.630956 1919.589697 1257.067081 1917.238800 0.000000
IMG_8954 2 1635.561442 1599.867752 1917.669041 1602.218649 1915.318144 1917.238800 1628.508752 1913.712455 0.000000
IMG_8954 3 1991.722285 1602.218649 2271.478987 1603.394097 2278.531677 1913.712455 1990.546837 1913.712455 0.000000
IMG_8954 4 2338.479542 1605.744994 2624.113485 1608.095890 2629.990727 1921.940593 2350.234025 1918.414248 0.000000
IMG_8954 5 2688.763143 1609.271339 2973.221638 1615.148580 2987.327018 1926.642387 2707.570316 1921.940593 0.000000
IMG_8954 6 3039.046744 1615.148580 3301.171721 1625.727615 3336.435171 1934.870525 3059.029366 1932.519628 0.000000
IMG_8955 0 1007.428454 1508.071164 1273.581980 1510.582046 1258.516686 1840.763071 993.618601 1833.230424 0.000000
IMG_8955 1 1348.908449 1511.837487 1646.448004 1520.625575 1631.382711 1844.529395 1336.354038 1844.529395 0.000000
IMG_8955 2 1716.752709 1520.625575 2011.781382 1520.625575 2004.248735 1844.529395 1707.964621 1845.784836 0.000000
IMG_8955 3 2080.830646 1529.413663 2363.304907 1525.647340 2372.092995 1845.784836 2084.596969 1842.018512 0.000000
IMG_8955 4 2436.120494 1530.669104 2727.382844 1534.435428 2737.426373 1853.317483 2447.419465 1844.529395 0.000000
IMG_8955 5 2802.709313 1533.179987 3087.694457 1543.223516 3100.248868 1858.339247 2808.986519 1857.083806 0.000000
IMG_8955 6 3156.743720 1541.968075 3412.853717 1553.267045 3450.516952 1868.382777 3173.064456 1860.850130 0.000000
IMG_8956 0 1096.363208 1351.454004 1365.053672 1356.209587 1349.598026 1679.589261 1080.907562 1671.266990 0.000000
IMG_8956 1 1441.143007 1356.209587 1735.989180 1375.231921 1718.155742 1698.611595 1418.553985 1689.100428 0.000000
IMG_8956 2 1808.511827 1375.231921 2099.791312 1388.309776 2087.902354 1710.500553 1795.433973 1696.233803 0.000000
IMG_8956 3 2171.106603 1393.933780 2460.026758 1402.576526 2455.082871 1719.580478 2162.802793 1708.122762 0.000000
IMG_8956 4 2533.793684 1404.737225 2825.017786 1415.654380 2827.395578 1734.278470 2537.304988 1717.633928 0.000000
IMG_8956 5 2899.918225 1416.843276 3194.347177 1426.344115 3199.519982 1754.489700 2902.296017 1742.600741 0.000000
IMG_8956 6 3259.167847 1432.517512 3530.033030 1448.943464 3556.188739 1767.567554 3268.475941 1756.867492 0.000000
IMG_8957 0 1050.173750 1403.565187 1313.631366 1407.322439 1292.313155 1729.464296 1030.572897 1724.726915 0.000000
IMG_8957 1 1387.060760 1407.322439 1679.593990 1422.718925 1661.828814 1743.676436 1365.742549 1729.464296 0.000000
IMG_8957 2 1751.839039 1426.271960 2037.266198 1436.931065 2031.344473 1750.782507 1734.073863 1740.123401 0.000000
IMG_8957 3 2110.695592 1435.746720 2398.491442 1446.405826 2402.044477 1756.704232 2102.405177 1751.966852 0.000000
IMG_8957 4 2469.552146 1445.221481 2757.347996 1457.064931 2764.454066 1766.178992 2473.105181 1754.335542 0.000000
IMG_8957 5 2834.330425 1453.511896 3120.941929 1465.355347 3130.416690 1780.391133 2840.252150 1774.469408 0.000000
IMG_8957 6 3190.818288 1467.724037 3459.664617 1484.304868 3480.982828 1793.418929 3207.399119 1782.759823 0.000000
IMG_8958 0 1067.504912 1400.935085 1341.857029 1402.107530 1319.580575 1732.737004 1045.228458 1724.529889 0.000000
IMG_8958 1 1412.203726 1405.624865 1710.004741 1422.039094 1688.900732 1745.633898 1394.617051 1733.909449 0.000000
IMG_8958 2 1782.696328 1427.901318 2072.290229 1438.453323 2062.910669 1760.875682 1768.626988 1746.806343 0.000000
IMG_8958 3 2142.636925 1441.970658 2438.093051 1452.522662 2433.403271 1767.910352 2134.429811 1762.048127 0.000000
IMG_8958 4 2507.267303 1451.350217 2800.378538 1466.592002 2803.895873 1789.014361 2509.612192 1770.255242 0.000000
IMG_8958 5 2873.070125 1466.592002 3166.181361 1483.006231 3176.733365 1805.428590 2880.104794 1791.359251 0.000000
IMG_8958 6 3236.528057 1485.351121 3502.673059 1505.282685 3531.984183 1817.153040 3247.080062 1804.256145 0.000000
IMG_8959 0 1073.454089 1429.491131 1347.806205 1430.663576 1325.529751 1761.293050 1051.177635 1753.085936 0.000000
IMG_8959 1 1416.963067 1436.560582 1714.764082 1452.974811 1693.660073 1776.569615 1399.376393 1764.845166 0.000000
IMG_8959 2 1786.265833 1456.457365 2075.859734 1467.009370 2066.480175 1789.431729 1772.196494 1775.362390 0.000000
IMG_8959 3 2145.016596 1469.336869 2440.472721 1479.888874 2435.782942 1795.276563 2136.809481 1789.414339 0.000000
IMG_8959 4 2507.267303 1483.475770 2800.378538 1498.717554 2803.895873 1821.139913 2509.612192 1802.380794 0.000000
IMG_8959 5 2873.070125 1497.527719 3166.181361 1513.941948 3176.733365 1836.364307 2880.104794 1822.294968 0.000000
IMG_8959 6 3234.148387 1515.097003 3500.293389 1535.028567 3529.604512 1846.898922 3244.700391 1834.002027 0.000000
IMG_8960 0 1390.300448 1729.336364 1535.355497 1710.664179 1537.245465 1957.305012 1389.827956 1966.754853 0.000000
IMG_8960 1 1579.769747 1705.939259 1782.643819 1693.870296 1779.161378 1947.855172 1582.604699 1956.360028 0.000000
IMG_8960 2 1836.805404 1685.149610 2050.371796 1670.029866 2051.316780 1931.790443 1831.135500 1945.965204 0.000000
IMG_8960 3 2104.235886 1663.414978 2329.142087 1646.405265 2329.142087 1911.000795 2101.838427 1926.616364 0.000000
IMG_8960 4 2388.676081 1638.845393 2633.426946 1619.945712 2646.656722 1902.495938 2390.000225 1908.883330 0.000000
IMG_8960 5 2700.520812 1613.330824 2969.841262 1592.541175 2986.273484 1886.717038 2713.750589 1897.771018 0.000000
IMG_8960 6 3038.825097 1586.871271 3328.935195 1571.751526 3361.064652 1873.201433 3061.504713 1888.321178 0.000000
IMG_8961 0 1368.606508 1685.782162 1526.116809 1669.748179 1523.287283 1931.007780 1366.720157 1935.723657 0.000000
IMG_8961 1 1570.446055 1666.918653 1784.546883 1657.486898 1776.058304 1916.860148 1570.446055 1926.291902 0.000000
IMG_8961 2 1838.307884 1652.771021 2059.954115 1636.737038 2055.238238 1906.485218 1829.819305 1914.030621 0.000000
IMG_8961 3 2115.601467 1632.964336 2353.281681 1615.987178 2349.508979 1893.280761 2114.658291 1899.882990 0.000000
IMG_8961 4 2412.701735 1617.873529 2670.188633 1599.010020 2677.734037 1883.849007 2412.701735 1889.508060 0.000000
IMG_8961 5 2733.381389 1592.407792 3017.277200 1576.373809 3030.481656 1879.133130 2747.529020 1886.678533 0.000000
IMG_8961 6 3085.185832 1571.657932 3379.456574 1559.396651 3411.524539 1870.644551 3107.822043 1873.474077 0.000000
IMG_8962 0 1336.320123 1708.284794 1493.830424 1692.250811 1491.000898 1953.510412 1334.433772 1958.226289 0.000000
IMG_8962 1 1543.051547 1684.529408 1757.152375 1675.097654 1748.775713 1941.767651 1536.468272 1948.616279 0.000000
IMG_8962 2 1811.891751 1672.338527 2033.537982 1656.304544 2028.822105 1926.052724 1803.403172 1933.598127 0.000000
IMG_8962 3 2092.120460 1649.596717 2329.800674 1632.619558 2326.027972 1909.913142 2091.177284 1916.515370 0.000000
IMG_8962 4 2393.134229 1632.549159 2650.621127 1613.685650 2660.621495 1905.567765 2393.525037 1911.438017 0.000000
IMG_8962 5 2714.792258 1608.061797 2998.688069 1592.027814 3011.892525 1894.787134 2728.939890 1902.332538 0.000000
IMG_8962 6 3071.488578 1592.203813 3365.759320 1579.942532 3397.827285 1891.190432 3094.124789 1894.019958 0.000000
IMG_8963 0 1416.870786 1755.756271 1560.024881 1740.947226 1560.109771 1991.338787 1416.870786 1992.700980 0.000000
IMG_8963 1 1603.464745 1735.023609 1804.541316 1722.536039 1800.918669 1979.866475 1603.464745 1983.815554 0.000000
IMG_8963 2 1857.193038 1720.214564 2069.079689 1699.744408 2064.519659 1962.095622 1849.294881 1974.930127 0.000000
IMG_8963 3 2122.768567 1695.532824 2347.571527 1678.033961 2345.891501 1947.286578 2119.806758 1957.159274 0.000000
IMG_8963 4 2404.140409 1674.800162 2650.621127 1654.163704 2664.779590 1939.388421 2407.102218 1945.312038 0.000000
IMG_8963 5 2714.792258 1651.501660 2989.591296 1630.373029 3011.311227 1926.553916 2728.952115 1937.413881 0.000000
IMG_8963 6 3054.704995 1622.809172 3348.975736 1610.547891 3378.575527 1914.706680 3080.420101 1923.592107 0.000000
IMG_8964 0 1486.797582 1772.058072 1629.482370 1754.087832 1625.712559 2000.141446 1486.797582 2006.711749 0.000000
IMG_8964 1 1674.520524 1749.531319 1867.428502 1739.431104 1863.182080 1988.878070 1668.888835 1994.509758 0.000000
IMG_8964 2 1920.437577 1735.452099 2127.273800 1722.271161 2121.301125 1976.676079 1914.805889 1987.939455 0.000000
IMG_8964 3 2179.085449 1717.120962 2403.888410 1699.622099 2400.069693 1966.351317 2177.618007 1977.614693 0.000000
IMG_8964 4 2459.202420 1696.968896 2701.306321 1678.567687 2714.505621 1957.903785 2457.325191 1963.535473 0.000000
IMG_8964 5 2765.190815 1671.626298 3033.706187 1655.715626 3049.591072 1947.579023 2777.392806 1958.842399 0.000000
IMG_8964 6 3096.004042 1651.906228 3390.274783 1639.644947 3413.773579 1938.192876 3119.048560 1949.456252 0.000000
IMG_8965 0 1441.158677 1712.999577 1592.366362 1695.481613 1582.224384 1945.343094 1435.626688 1952.719079 0.000000
IMG_8965 1 1635.700272 1694.559615 1844.993838 1684.417636 1834.851859 1944.421096 1632.012280 1949.953085 0.000000
IMG_8965 2 1902.157719 1684.417636 2117.905271 1671.509663 2110.529286 1935.201115 1892.015740 1942.577100 0.000000
IMG_8965 3 2175.069152 1666.899673 2408.334667 1655.835696 2401.880681 1927.825131 2169.537163 1931.513123 0.000000
IMG_8965 4 2469.186541 1653.069701 2722.736014 1641.083726 2725.502009 1926.903133 2466.420547 1922.293142 0.000000
IMG_8965 5 2792.807869 1633.707742 3068.485296 1621.721767 3081.393269 1925.981135 2798.339857 1927.825131 0.000000
IMG_8965 6 3141.323145 1618.955772 3436.362532 1610.657790 3464.022474 1923.215140 3156.075114 1925.059136 0.000000
IMG_8966 0 1502.814019 1704.547425 1651.123831 1688.621539 1643.160888 1943.435712 1495.846444 1946.421816 0.000000
IMG_8966 1 1696.910752 1687.626171 1903.947268 1679.663228 1891.007486 1935.472769 1690.938545 1938.458873 0.000000
IMG_8966 2 1957.697133 1678.667860 2172.696592 1666.723446 2161.747545 1931.491298 1945.752719 1937.463505 0.000000
IMG_8966 3 2229.432560 1664.732710 2463.344008 1651.792928 2451.399594 1926.514459 2220.474249 1925.519091 0.000000
IMG_8966 4 2523.066080 1649.802192 2773.898782 1636.862410 2780.866357 1920.542251 2515.103137 1918.551516 0.000000
IMG_8966 5 2841.583796 1632.880939 3122.277534 1619.941156 3137.208052 1917.556148 2848.551371 1922.532987 0.000000
IMG_8966 6 3194.701981 1620.096138 3488.572908 1612.973581 3510.471001 1915.565412 3208.874538 1916.560780 0.000000
IMG_8967 0 1141.010904 1385.671178 1465.288813 1391.380296 1448.161459 1739.636501 1123.883550 1735.069206 0.000000
IMG_8967 1 1542.932819 1391.380296 1837.523314 1413.074945 1835.239667 1739.636501 1538.365525 1736.211030 0.000000
IMG_8967 2 1910.600026 1421.067710 2185.779519 1431.344123 2196.055931 1748.771090 1915.167320 1739.636501 0.000000
IMG_8967 3 2250.863465 1435.911417 2507.773780 1446.187830 2538.526532 1749.184659 2264.565349 1745.345619 0.000000
IMG_8967 4 2568.290432 1451.896948 2814.924335 1459.889713 2840.044454 1755.622032 2600.261494 1747.629266 0.000000
IMG_8967 5 2873.044796 1465.713014 3101.522064 1478.158891 3128.925831 1767.040268 2898.277459 1761.331150 0.000000
IMG_8967 6 3155.187774 1480.442539 3345.872319 1495.286246 3393.828911 1772.749386 3183.733365 1765.898444 0.000000
IMG_8968 0 1431.842297 1344.546603 1723.778998 1357.402176 1702.984397 1673.480109 1407.701065 1669.321188 0.000000
IMG_8968 1 1789.899330 1363.066794 2064.810452 1389.633807 2058.572072 1694.274709 1774.725770 1674.519839 0.000000
IMG_8968 2 2128.233984 1393.792727 2391.285685 1413.547598 2396.484335 1714.029580 2128.233984 1698.433630 0.000000
IMG_8968 3 2457.828408 1416.666788 2713.601998 1437.461389 2732.317139 1724.426881 2463.027058 1712.989850 0.000000
IMG_8968 4 2776.099522 1443.320957 3019.282631 1461.375180 3034.878582 1746.261212 2794.700942 1729.625531 0.000000
IMG_8968 5 3078.547244 1464.494370 3305.208393 1483.209511 3321.844074 1761.857162 3096.222654 1751.459862 0.000000
IMG_8968 6 3359.274355 1488.408161 3553.703873 1512.321952 3592.173885 1783.691493 3381.108686 1769.135272 0.000000
IMG_8969 0 1519.015110 1360.827199 1800.078766 1375.170615 1765.682855 1693.201533 1485.568637 1676.478296 0.000000
IMG_8969 1 1858.705860 1385.912055 2128.567792 1411.583055 2121.051639 1716.195984 1845.118230 1696.337140 0.000000
IMG_8969 2 2191.080193 1417.268124 2456.561579 1437.126968 2459.196474 1735.978829 2188.989789 1716.195984 0.000000
IMG_8969 3 2517.404939 1440.706441 2773.178530 1461.501042 2791.893671 1748.466534 2522.603590 1737.029503 0.000000
IMG_8969 4 2837.015218 1466.392632 3075.723556 1489.595642 3091.319506 1774.481674 2860.009669 1760.094480 0.000000
IMG_8969 5 3138.033483 1493.567892 3363.739722 1511.429973 3380.375403 1790.077624 3154.753983 1779.680324 0.000000
IMG_8969 6 3421.283308 1513.426736 3615.690937 1539.556794 3655.408624 1814.445000 3444.277758 1797.721763 0.000000
IMG_8970 0 1476.448871 1428.310261 1757.512527 1442.653677 1723.116616 1760.684595 1443.002398 1743.961358 0.000000
IMG_8970 1 1834.827238 1443.013107 2104.689171 1468.684108 2097.173017 1773.297036 1817.273840 1764.649362 0.000000
IMG_8970 2 2169.223963 1476.029498 2428.774201 1494.717115 2438.118009 1791.642587 2170.262164 1775.031372 0.000000
IMG_8970 3 2500.410066 1495.755316 2755.529114 1512.372888 2772.418715 1804.100998 2508.715674 1794.757190 0.000000
IMG_8970 4 2817.061356 1516.519335 3058.962178 1533.130550 3078.861095 1819.124315 2841.978179 1805.139199 0.000000
IMG_8970 5 3119.177833 1538.321555 3348.166708 1552.958011 3369.384262 1835.247027 3134.750847 1825.903218 0.000000
IMG_8970 6 3400.519289 1555.992975 3597.788471 1577.773191 3650.736720 1852.896443 3428.561716 1842.514433 0.000000
IMG_8971 0 1279.971080 1548.732133 1589.304409 1547.117951 1588.248077 1881.975262 1273.461078 1889.369588 0.000000
IMG_8971 1 1663.701420 1544.420999 1948.457361 1555.568609 1955.851686 1881.975262 1660.078667 1879.862598 0.000000
IMG_8971 2 2017.112124 1558.423410 2286.483669 1566.131931 2307.610313 1881.975262 2026.625944 1873.524605 0.000000
IMG_8971 3 2351.467224 1565.473242 2608.664993 1571.413592 2642.467624 1874.580937 2374.159242 1875.637269 0.000000
IMG_8971 4 2668.118514 1570.392278 2920.282996 1579.864250 2947.747633 1877.749934 2711.129218 1874.580937 0.000000
IMG_8971 5 2972.347656 1579.518511 3205.492693 1588.314908 3241.407988 1872.468272 3010.071234 1869.299276 0.000000
IMG_8971 6 3258.309303 1585.145911 3456.899759 1604.159891 3506.547373 1875.637269 3300.562592 1872.468272 0.000000
IMG_8972 0 1327.418426 1538.996314 1630.974440 1541.775640 1616.971721 1876.630414 1308.186104 1875.561951 0.000000
IMG_8972 1 1704.585633 1544.338625 1983.716618 1560.910921 1989.865078 1880.904263 1691.764085 1874.493489 0.000000
IMG_8972 2 2049.165995 1572.313421 2318.537539 1580.021942 2338.183802 1888.383500 2058.246668 1880.904263 0.000000
IMG_8972 3 2384.127682 1584.940194 2638.581939 1594.919764 2671.544052 1890.520424 2404.428467 1889.451962 0.000000
IMG_8972 4 2703.597923 1603.104054 2946.994554 1610.849658 2977.124282 1902.273510 2737.788718 1892.657349 0.000000
IMG_8972 5 3005.972766 1615.925602 3235.409638 1625.711090 3263.472190 1912.958133 3033.752787 1910.821209 0.000000
IMG_8972 6 3284.841437 1628.747150 3481.474393 1645.829922 3529.519313 1916.163520 3325.137226 1914.138304 0.000000
IMG_8973 0 1279.590677 1541.121991 1588.244142 1547.428731 1574.427237 1889.662843 1263.015452 1886.474326 0.000000
IMG_8973 1 1663.134917 1548.589981 1946.420837 1569.748347 1950.672192 1890.725681 1648.825957 1885.411487 0.000000
IMG_8973 2 2010.903796 1578.690454 2284.403593 1591.005124 2292.906304 1897.102715 2017.631040 1894.977037 0.000000
IMG_8973 3 2347.111086 1592.067963 2601.382579 1610.862347 2634.344693 1906.463007 2367.305024 1900.291231 0.000000
IMG_8973 4 2665.962743 1612.261901 2908.732355 1624.666563 2938.862084 1916.090415 2699.526519 1906.474254 0.000000
IMG_8973 5 2970.997494 1631.393001 3196.084601 1639.527995 3224.147152 1926.775039 3000.756982 1920.485169 0.000000
IMG_8973 6 3246.272758 1643.084228 3441.086516 1662.835344 3489.131437 1933.168942 3286.660635 1923.673686 0.000000
